#format table ## [Custom WaveView] saved 11:21:11 Tue Oct 23 2018
XVAL Phase_:_ac:mmos=14 Phase_:_ac:mmos=18 Phase_:_ac:mmos=20 Phase_:_ac:mmos=25 Phase_:_ac:mmos=30 
 1.000E+01  1.800E+02  1.800E+02  1.800E+02  1.800E+02  1.800E+02 
 1.059E+01  1.800E+02  1.800E+02  1.800E+02  1.800E+02  1.800E+02 
 1.122E+01  1.800E+02  1.800E+02  1.800E+02  1.800E+02  1.800E+02 
 1.189E+01  1.800E+02  1.800E+02  1.800E+02  1.800E+02  1.800E+02 
 1.259E+01  1.800E+02  1.800E+02  1.800E+02  1.800E+02  1.800E+02 
 1.334E+01  1.800E+02  1.800E+02  1.800E+02  1.800E+02  1.800E+02 
 1.413E+01  1.800E+02  1.800E+02  1.800E+02  1.800E+02  1.800E+02 
 1.496E+01  1.800E+02  1.800E+02  1.800E+02  1.800E+02  1.800E+02 
 1.585E+01  1.800E+02  1.800E+02  1.800E+02  1.800E+02  1.800E+02 
 1.679E+01  1.800E+02  1.800E+02  1.800E+02  1.800E+02  1.800E+02 
 1.778E+01  1.800E+02  1.800E+02  1.800E+02  1.800E+02  1.800E+02 
 1.884E+01  1.800E+02  1.800E+02  1.800E+02  1.800E+02  1.800E+02 
 1.995E+01  1.800E+02  1.800E+02  1.800E+02  1.800E+02  1.800E+02 
 2.113E+01  1.800E+02  1.800E+02  1.800E+02  1.800E+02  1.800E+02 
 2.239E+01  1.800E+02  1.800E+02  1.800E+02  1.800E+02  1.800E+02 
 2.371E+01  1.800E+02  1.800E+02  1.800E+02  1.800E+02  1.800E+02 
 2.512E+01  1.800E+02  1.800E+02  1.800E+02  1.800E+02  1.800E+02 
 2.661E+01  1.800E+02  1.800E+02  1.800E+02  1.800E+02  1.800E+02 
 2.818E+01  1.800E+02  1.800E+02  1.800E+02  1.800E+02  1.800E+02 
 2.985E+01  1.800E+02  1.800E+02  1.800E+02  1.800E+02  1.800E+02 
 3.162E+01  1.800E+02  1.800E+02  1.800E+02  1.800E+02  1.800E+02 
 3.350E+01  1.800E+02  1.800E+02  1.800E+02  1.800E+02  1.800E+02 
 3.548E+01  1.800E+02  1.800E+02  1.800E+02  1.800E+02  1.800E+02 
 3.758E+01  1.800E+02  1.800E+02  1.800E+02  1.800E+02  1.800E+02 
 3.981E+01  1.800E+02  1.800E+02  1.800E+02  1.800E+02  1.800E+02 
 4.217E+01  1.800E+02  1.800E+02  1.800E+02  1.800E+02  1.800E+02 
 4.467E+01  1.800E+02  1.800E+02  1.800E+02  1.800E+02  1.800E+02 
 4.732E+01  1.800E+02  1.800E+02  1.800E+02  1.800E+02  1.800E+02 
 5.012E+01  1.800E+02  1.800E+02  1.800E+02  1.800E+02  1.800E+02 
 5.309E+01  1.800E+02  1.800E+02  1.800E+02  1.800E+02  1.800E+02 
 5.623E+01  1.800E+02  1.800E+02  1.800E+02  1.800E+02  1.800E+02 
 5.957E+01  1.800E+02  1.800E+02  1.800E+02  1.800E+02  1.800E+02 
 6.310E+01  1.800E+02  1.800E+02  1.800E+02  1.800E+02  1.800E+02 
 6.683E+01  1.800E+02  1.800E+02  1.800E+02  1.800E+02  1.800E+02 
 7.079E+01  1.800E+02  1.800E+02  1.800E+02  1.800E+02  1.800E+02 
 7.499E+01  1.800E+02  1.800E+02  1.800E+02  1.800E+02  1.800E+02 
 7.943E+01  1.800E+02  1.800E+02  1.800E+02  1.800E+02  1.800E+02 
 8.414E+01  1.800E+02  1.800E+02  1.800E+02  1.800E+02  1.800E+02 
 8.913E+01  1.800E+02  1.800E+02  1.800E+02  1.800E+02  1.800E+02 
 9.441E+01  1.800E+02  1.800E+02  1.800E+02  1.800E+02  1.800E+02 
 1.000E+02  1.800E+02  1.800E+02  1.800E+02  1.800E+02  1.800E+02 
 1.059E+02  1.800E+02  1.800E+02  1.800E+02  1.800E+02  1.800E+02 
 1.122E+02  1.800E+02  1.800E+02  1.800E+02  1.800E+02  1.800E+02 
 1.189E+02  1.800E+02  1.800E+02  1.800E+02  1.800E+02  1.800E+02 
 1.259E+02  1.800E+02  1.800E+02  1.800E+02  1.800E+02  1.800E+02 
 1.334E+02  1.800E+02  1.800E+02  1.800E+02  1.800E+02  1.800E+02 
 1.413E+02  1.800E+02  1.800E+02  1.800E+02  1.800E+02  1.800E+02 
 1.496E+02  1.800E+02  1.800E+02  1.800E+02  1.800E+02  1.800E+02 
 1.585E+02  1.800E+02  1.800E+02  1.800E+02  1.800E+02  1.800E+02 
 1.679E+02  1.800E+02  1.800E+02  1.800E+02  1.800E+02  1.800E+02 
 1.778E+02  1.800E+02  1.800E+02  1.800E+02  1.800E+02  1.800E+02 
 1.884E+02  1.800E+02  1.800E+02  1.800E+02  1.800E+02  1.800E+02 
 1.995E+02  1.800E+02  1.800E+02  1.800E+02  1.800E+02  1.800E+02 
 2.113E+02  1.800E+02  1.800E+02  1.800E+02  1.800E+02  1.800E+02 
 2.239E+02  1.800E+02  1.800E+02  1.800E+02  1.800E+02  1.800E+02 
 2.371E+02  1.800E+02  1.800E+02  1.800E+02  1.800E+02  1.800E+02 
 2.512E+02  1.800E+02  1.800E+02  1.800E+02  1.800E+02  1.800E+02 
 2.661E+02  1.800E+02  1.800E+02  1.800E+02  1.800E+02  1.800E+02 
 2.818E+02  1.800E+02  1.800E+02  1.800E+02  1.800E+02  1.800E+02 
 2.985E+02  1.800E+02  1.800E+02  1.800E+02  1.800E+02  1.800E+02 
 3.162E+02  1.800E+02  1.800E+02  1.800E+02  1.800E+02  1.800E+02 
 3.350E+02  1.800E+02  1.800E+02  1.800E+02  1.800E+02  1.800E+02 
 3.548E+02  1.800E+02  1.800E+02  1.800E+02  1.800E+02  1.800E+02 
 3.758E+02  1.800E+02  1.800E+02  1.800E+02  1.800E+02  1.800E+02 
 3.981E+02  1.800E+02  1.800E+02  1.800E+02  1.800E+02  1.800E+02 
 4.217E+02  1.800E+02  1.800E+02  1.800E+02  1.800E+02  1.800E+02 
 4.467E+02  1.800E+02  1.800E+02  1.800E+02  1.800E+02  1.800E+02 
 4.732E+02  1.800E+02  1.800E+02  1.800E+02  1.800E+02  1.800E+02 
 5.012E+02  1.800E+02  1.800E+02  1.800E+02  1.800E+02  1.800E+02 
 5.309E+02  1.800E+02  1.800E+02  1.800E+02  1.800E+02  1.800E+02 
 5.623E+02  1.800E+02  1.800E+02  1.800E+02  1.800E+02  1.800E+02 
 5.957E+02  1.800E+02  1.800E+02  1.800E+02  1.800E+02  1.800E+02 
 6.310E+02  1.800E+02  1.800E+02  1.800E+02  1.800E+02  1.800E+02 
 6.683E+02  1.800E+02  1.800E+02  1.800E+02  1.800E+02  1.800E+02 
 7.079E+02  1.800E+02  1.800E+02  1.800E+02  1.800E+02  1.800E+02 
 7.499E+02  1.800E+02  1.800E+02  1.800E+02  1.800E+02  1.800E+02 
 7.943E+02  1.800E+02  1.800E+02  1.800E+02  1.800E+02  1.800E+02 
 8.414E+02  1.800E+02  1.800E+02  1.800E+02  1.800E+02  1.800E+02 
 8.913E+02  1.800E+02  1.800E+02  1.800E+02  1.800E+02  1.800E+02 
 9.441E+02  1.800E+02  1.800E+02  1.800E+02  1.800E+02  1.800E+02 
 1.000E+03  1.800E+02  1.800E+02  1.800E+02  1.800E+02  1.800E+02 
 1.059E+03  1.800E+02  1.800E+02  1.800E+02  1.800E+02  1.800E+02 
 1.122E+03  1.800E+02  1.800E+02  1.800E+02  1.800E+02  1.800E+02 
 1.189E+03  1.800E+02  1.800E+02  1.800E+02  1.800E+02  1.800E+02 
 1.259E+03  1.800E+02  1.800E+02  1.800E+02  1.800E+02  1.800E+02 
 1.334E+03  1.800E+02  1.800E+02  1.800E+02  1.800E+02  1.800E+02 
 1.413E+03  1.800E+02  1.800E+02  1.800E+02  1.800E+02  1.800E+02 
 1.496E+03  1.800E+02  1.800E+02  1.800E+02  1.800E+02  1.800E+02 
 1.585E+03  1.800E+02  1.800E+02  1.800E+02  1.800E+02  1.800E+02 
 1.679E+03  1.800E+02  1.800E+02  1.800E+02  1.800E+02  1.800E+02 
 1.778E+03  1.800E+02  1.800E+02  1.800E+02  1.800E+02  1.800E+02 
 1.884E+03  1.800E+02  1.800E+02  1.800E+02  1.800E+02  1.800E+02 
 1.995E+03  1.800E+02  1.800E+02  1.800E+02  1.800E+02  1.800E+02 
 2.113E+03  1.800E+02  1.800E+02  1.800E+02  1.800E+02  1.800E+02 
 2.239E+03  1.800E+02  1.800E+02  1.800E+02  1.800E+02  1.800E+02 
 2.371E+03  1.800E+02  1.800E+02  1.800E+02  1.800E+02  1.800E+02 
 2.512E+03  1.800E+02  1.800E+02  1.800E+02  1.800E+02  1.800E+02 
 2.661E+03  1.800E+02  1.800E+02  1.800E+02  1.800E+02  1.800E+02 
 2.818E+03  1.800E+02  1.800E+02  1.800E+02  1.800E+02  1.800E+02 
 2.985E+03  1.800E+02  1.800E+02  1.800E+02  1.800E+02  1.800E+02 
 3.162E+03  1.800E+02  1.800E+02  1.800E+02  1.800E+02  1.800E+02 
 3.350E+03  1.800E+02  1.800E+02  1.800E+02  1.800E+02  1.800E+02 
 3.548E+03  1.800E+02  1.800E+02  1.800E+02  1.800E+02  1.800E+02 
 3.758E+03  1.800E+02  1.800E+02  1.800E+02  1.800E+02  1.800E+02 
 3.981E+03  1.800E+02  1.800E+02  1.800E+02  1.800E+02  1.800E+02 
 4.217E+03  1.800E+02  1.800E+02  1.800E+02  1.800E+02  1.800E+02 
 4.467E+03  1.800E+02  1.800E+02  1.800E+02  1.800E+02  1.800E+02 
 4.732E+03  1.800E+02  1.800E+02  1.800E+02  1.800E+02  1.800E+02 
 5.012E+03  1.800E+02  1.800E+02  1.800E+02  1.800E+02  1.800E+02 
 5.309E+03  1.800E+02  1.800E+02  1.800E+02  1.800E+02  1.800E+02 
 5.623E+03  1.800E+02  1.800E+02  1.800E+02  1.800E+02  1.800E+02 
 5.957E+03  1.800E+02  1.800E+02  1.800E+02  1.800E+02  1.800E+02 
 6.310E+03  1.800E+02  1.800E+02  1.800E+02  1.800E+02  1.800E+02 
 6.683E+03  1.800E+02  1.800E+02  1.800E+02  1.800E+02  1.800E+02 
 7.079E+03  1.800E+02  1.800E+02  1.800E+02  1.800E+02  1.800E+02 
 7.499E+03  1.800E+02  1.800E+02  1.800E+02  1.800E+02  1.800E+02 
 7.943E+03  1.800E+02  1.800E+02  1.800E+02  1.800E+02  1.800E+02 
 8.414E+03  1.800E+02  1.800E+02  1.800E+02  1.800E+02  1.800E+02 
 8.913E+03  1.800E+02  1.800E+02  1.800E+02  1.800E+02  1.800E+02 
 9.441E+03  1.800E+02  1.800E+02  1.800E+02  1.800E+02  1.800E+02 
 1.000E+04  1.800E+02  1.800E+02  1.800E+02  1.800E+02  1.800E+02 
 1.059E+04  1.800E+02  1.800E+02  1.800E+02  1.800E+02  1.800E+02 
 1.122E+04  1.800E+02  1.800E+02  1.800E+02  1.800E+02  1.800E+02 
 1.189E+04  1.800E+02  1.800E+02  1.800E+02  1.800E+02  1.800E+02 
 1.259E+04  1.800E+02  1.800E+02  1.800E+02  1.800E+02  1.800E+02 
 1.334E+04  1.800E+02  1.800E+02  1.800E+02  1.800E+02  1.800E+02 
 1.413E+04  1.800E+02  1.800E+02  1.800E+02  1.800E+02  1.800E+02 
 1.496E+04  1.800E+02  1.800E+02  1.800E+02  1.800E+02  1.800E+02 
 1.585E+04  1.800E+02  1.800E+02  1.800E+02  1.800E+02  1.800E+02 
 1.679E+04  1.800E+02  1.800E+02  1.800E+02  1.800E+02  1.800E+02 
 1.778E+04  1.800E+02  1.800E+02  1.800E+02  1.800E+02  1.800E+02 
 1.884E+04  1.800E+02  1.800E+02  1.800E+02  1.800E+02  1.800E+02 
 1.995E+04  1.800E+02  1.800E+02  1.800E+02  1.800E+02  1.800E+02 
 2.113E+04  1.800E+02  1.800E+02  1.800E+02  1.800E+02  1.800E+02 
 2.239E+04  1.800E+02  1.800E+02  1.800E+02  1.800E+02  1.800E+02 
 2.371E+04  1.800E+02  1.800E+02  1.800E+02  1.800E+02  1.800E+02 
 2.512E+04  1.800E+02  1.800E+02  1.800E+02  1.800E+02  1.800E+02 
 2.661E+04  1.800E+02  1.800E+02  1.800E+02  1.800E+02  1.800E+02 
 2.818E+04  1.800E+02  1.800E+02  1.800E+02  1.800E+02  1.800E+02 
 2.985E+04  1.800E+02  1.800E+02  1.800E+02  1.800E+02  1.800E+02 
 3.162E+04  1.800E+02  1.800E+02  1.800E+02  1.800E+02  1.800E+02 
 3.350E+04  1.800E+02  1.800E+02  1.800E+02  1.800E+02  1.800E+02 
 3.548E+04  1.800E+02  1.800E+02  1.800E+02  1.800E+02  1.800E+02 
 3.758E+04  1.800E+02  1.800E+02  1.800E+02  1.800E+02  1.800E+02 
 3.981E+04  1.800E+02  1.800E+02  1.800E+02  1.800E+02  1.800E+02 
 4.217E+04  1.800E+02  1.800E+02  1.800E+02  1.800E+02  1.800E+02 
 4.467E+04  1.800E+02  1.800E+02  1.800E+02  1.800E+02  1.800E+02 
 4.732E+04  1.800E+02  1.800E+02  1.800E+02  1.800E+02  1.800E+02 
 5.012E+04  1.800E+02  1.800E+02  1.800E+02  1.800E+02  1.800E+02 
 5.309E+04  1.800E+02  1.800E+02  1.800E+02  1.800E+02  1.800E+02 
 5.623E+04  1.800E+02  1.800E+02  1.800E+02  1.800E+02  1.800E+02 
 5.957E+04  1.800E+02  1.800E+02  1.800E+02  1.800E+02  1.800E+02 
 6.310E+04  1.800E+02  1.800E+02  1.800E+02  1.800E+02  1.800E+02 
 6.683E+04  1.800E+02  1.800E+02  1.800E+02  1.800E+02  1.800E+02 
 7.079E+04  1.800E+02  1.800E+02  1.800E+02  1.800E+02  1.800E+02 
 7.499E+04  1.800E+02  1.800E+02  1.800E+02  1.800E+02  1.800E+02 
 7.943E+04  1.800E+02  1.800E+02  1.800E+02  1.800E+02  1.800E+02 
 8.414E+04  1.800E+02  1.800E+02  1.800E+02  1.800E+02  1.800E+02 
 8.913E+04  1.800E+02  1.800E+02  1.800E+02  1.800E+02  1.800E+02 
 9.441E+04  1.800E+02  1.800E+02  1.800E+02  1.800E+02  1.800E+02 
 1.000E+05  1.800E+02  1.800E+02  1.800E+02  1.800E+02  1.800E+02 
 1.059E+05  1.800E+02  1.800E+02  1.800E+02  1.800E+02  1.800E+02 
 1.122E+05  1.800E+02  1.800E+02  1.800E+02  1.800E+02  1.800E+02 
 1.189E+05  1.800E+02  1.800E+02  1.800E+02  1.800E+02  1.799E+02 
 1.259E+05  1.800E+02  1.800E+02  1.800E+02  1.799E+02  1.799E+02 
 1.334E+05  1.800E+02  1.800E+02  1.799E+02  1.799E+02  1.799E+02 
 1.413E+05  1.800E+02  1.799E+02  1.799E+02  1.799E+02  1.799E+02 
 1.496E+05  1.799E+02  1.799E+02  1.799E+02  1.799E+02  1.799E+02 
 1.585E+05  1.799E+02  1.799E+02  1.799E+02  1.799E+02  1.799E+02 
 1.679E+05  1.799E+02  1.799E+02  1.799E+02  1.799E+02  1.799E+02 
 1.778E+05  1.799E+02  1.799E+02  1.799E+02  1.799E+02  1.799E+02 
 1.884E+05  1.799E+02  1.799E+02  1.799E+02  1.799E+02  1.799E+02 
 1.995E+05  1.799E+02  1.799E+02  1.799E+02  1.799E+02  1.799E+02 
 2.113E+05  1.799E+02  1.799E+02  1.799E+02  1.799E+02  1.799E+02 
 2.239E+05  1.799E+02  1.799E+02  1.799E+02  1.799E+02  1.799E+02 
 2.371E+05  1.799E+02  1.799E+02  1.799E+02  1.799E+02  1.799E+02 
 2.512E+05  1.799E+02  1.799E+02  1.799E+02  1.799E+02  1.799E+02 
 2.661E+05  1.799E+02  1.799E+02  1.799E+02  1.799E+02  1.799E+02 
 2.818E+05  1.799E+02  1.799E+02  1.799E+02  1.799E+02  1.799E+02 
 2.985E+05  1.799E+02  1.799E+02  1.799E+02  1.799E+02  1.799E+02 
 3.162E+05  1.799E+02  1.799E+02  1.799E+02  1.799E+02  1.799E+02 
 3.350E+05  1.799E+02  1.799E+02  1.799E+02  1.799E+02  1.799E+02 
 3.548E+05  1.799E+02  1.799E+02  1.799E+02  1.799E+02  1.798E+02 
 3.758E+05  1.799E+02  1.799E+02  1.799E+02  1.798E+02  1.798E+02 
 3.981E+05  1.799E+02  1.799E+02  1.798E+02  1.798E+02  1.798E+02 
 4.217E+05  1.799E+02  1.798E+02  1.798E+02  1.798E+02  1.798E+02 
 4.467E+05  1.798E+02  1.798E+02  1.798E+02  1.798E+02  1.798E+02 
 4.732E+05  1.798E+02  1.798E+02  1.798E+02  1.798E+02  1.798E+02 
 5.012E+05  1.798E+02  1.798E+02  1.798E+02  1.798E+02  1.798E+02 
 5.309E+05  1.798E+02  1.798E+02  1.798E+02  1.798E+02  1.798E+02 
 5.623E+05  1.798E+02  1.798E+02  1.798E+02  1.798E+02  1.798E+02 
 5.957E+05  1.798E+02  1.798E+02  1.798E+02  1.798E+02  1.797E+02 
 6.310E+05  1.798E+02  1.798E+02  1.798E+02  1.797E+02  1.797E+02 
 6.683E+05  1.798E+02  1.798E+02  1.797E+02  1.797E+02  1.797E+02 
 7.079E+05  1.798E+02  1.797E+02  1.797E+02  1.797E+02  1.797E+02 
 7.499E+05  1.797E+02  1.797E+02  1.797E+02  1.797E+02  1.797E+02 
 7.943E+05  1.797E+02  1.797E+02  1.797E+02  1.797E+02  1.797E+02 
 8.414E+05  1.797E+02  1.797E+02  1.797E+02  1.797E+02  1.796E+02 
 8.913E+05  1.797E+02  1.797E+02  1.797E+02  1.796E+02  1.796E+02 
 9.441E+05  1.797E+02  1.796E+02  1.796E+02  1.796E+02  1.796E+02 
 1.000E+06  1.797E+02  1.796E+02  1.796E+02  1.796E+02  1.796E+02 
 1.059E+06  1.796E+02  1.796E+02  1.796E+02  1.796E+02  1.795E+02 
 1.122E+06  1.796E+02  1.796E+02  1.796E+02  1.795E+02  1.795E+02 
 1.189E+06  1.796E+02  1.796E+02  1.795E+02  1.795E+02  1.795E+02 
 1.259E+06  1.796E+02  1.795E+02  1.795E+02  1.795E+02  1.795E+02 
 1.334E+06  1.795E+02  1.795E+02  1.795E+02  1.795E+02  1.794E+02 
 1.413E+06  1.795E+02  1.795E+02  1.795E+02  1.794E+02  1.794E+02 
 1.496E+06  1.795E+02  1.794E+02  1.794E+02  1.794E+02  1.793E+02 
 1.585E+06  1.794E+02  1.794E+02  1.794E+02  1.793E+02  1.793E+02 
 1.679E+06  1.794E+02  1.794E+02  1.794E+02  1.793E+02  1.793E+02 
 1.778E+06  1.794E+02  1.793E+02  1.793E+02  1.793E+02  1.792E+02 
 1.884E+06  1.793E+02  1.793E+02  1.793E+02  1.792E+02  1.792E+02 
 1.995E+06  1.793E+02  1.793E+02  1.792E+02  1.792E+02  1.791E+02 
 2.113E+06  1.793E+02  1.792E+02  1.792E+02  1.791E+02  1.791E+02 
 2.239E+06  1.792E+02  1.792E+02  1.791E+02  1.791E+02  1.790E+02 
 2.371E+06  1.792E+02  1.791E+02  1.791E+02  1.790E+02  1.790E+02 
 2.512E+06  1.791E+02  1.791E+02  1.790E+02  1.790E+02  1.789E+02 
 2.661E+06  1.791E+02  1.790E+02  1.790E+02  1.789E+02  1.788E+02 
 2.818E+06  1.790E+02  1.789E+02  1.789E+02  1.788E+02  1.788E+02 
 2.985E+06  1.790E+02  1.789E+02  1.789E+02  1.788E+02  1.787E+02 
 3.162E+06  1.789E+02  1.788E+02  1.788E+02  1.787E+02  1.786E+02 
 3.350E+06  1.788E+02  1.788E+02  1.787E+02  1.786E+02  1.785E+02 
 3.548E+06  1.788E+02  1.787E+02  1.786E+02  1.785E+02  1.785E+02 
 3.758E+06  1.787E+02  1.786E+02  1.786E+02  1.785E+02  1.784E+02 
 3.981E+06  1.786E+02  1.785E+02  1.785E+02  1.784E+02  1.783E+02 
 4.217E+06  1.785E+02  1.784E+02  1.784E+02  1.783E+02  1.782E+02 
 4.467E+06  1.784E+02  1.783E+02  1.783E+02  1.782E+02  1.781E+02 
 4.732E+06  1.783E+02  1.782E+02  1.782E+02  1.781E+02  1.779E+02 
 5.012E+06  1.782E+02  1.781E+02  1.781E+02  1.779E+02  1.778E+02 
 5.309E+06  1.781E+02  1.780E+02  1.780E+02  1.778E+02  1.777E+02 
 5.623E+06  1.780E+02  1.779E+02  1.778E+02  1.777E+02  1.776E+02 
 5.957E+06  1.779E+02  1.778E+02  1.777E+02  1.776E+02  1.774E+02 
 6.310E+06  1.778E+02  1.776E+02  1.776E+02  1.774E+02  1.773E+02 
 6.683E+06  1.777E+02  1.775E+02  1.774E+02  1.773E+02  1.771E+02 
 7.079E+06  1.775E+02  1.774E+02  1.773E+02  1.771E+02  1.769E+02 
 7.499E+06  1.774E+02  1.772E+02  1.771E+02  1.769E+02  1.767E+02 
 7.943E+06  1.772E+02  1.770E+02  1.770E+02  1.767E+02  1.765E+02 
 8.414E+06  1.771E+02  1.769E+02  1.768E+02  1.765E+02  1.763E+02 
 8.913E+06  1.769E+02  1.767E+02  1.766E+02  1.763E+02  1.761E+02 
 9.441E+06  1.767E+02  1.765E+02  1.764E+02  1.761E+02  1.759E+02 
 1.000E+07  1.765E+02  1.763E+02  1.762E+02  1.759E+02  1.757E+02 
 1.059E+07  1.763E+02  1.761E+02  1.759E+02  1.757E+02  1.754E+02 
 1.122E+07  1.761E+02  1.758E+02  1.757E+02  1.754E+02  1.751E+02 
 1.189E+07  1.758E+02  1.756E+02  1.754E+02  1.751E+02  1.748E+02 
 1.259E+07  1.756E+02  1.753E+02  1.752E+02  1.748E+02  1.745E+02 
 1.334E+07  1.753E+02  1.750E+02  1.749E+02  1.745E+02  1.742E+02 
 1.413E+07  1.751E+02  1.747E+02  1.746E+02  1.742E+02  1.739E+02 
 1.496E+07  1.748E+02  1.744E+02  1.743E+02  1.739E+02  1.735E+02 
 1.585E+07  1.745E+02  1.741E+02  1.739E+02  1.735E+02  1.731E+02 
 1.679E+07  1.741E+02  1.738E+02  1.736E+02  1.731E+02  1.727E+02 
 1.778E+07  1.738E+02  1.734E+02  1.732E+02  1.727E+02  1.723E+02 
 1.884E+07  1.734E+02  1.730E+02  1.728E+02  1.723E+02  1.719E+02 
 1.995E+07  1.731E+02  1.726E+02  1.724E+02  1.719E+02  1.714E+02 
 2.113E+07  1.726E+02  1.722E+02  1.719E+02  1.714E+02  1.709E+02 
 2.239E+07  1.722E+02  1.717E+02  1.715E+02  1.709E+02  1.703E+02 
 2.371E+07  1.718E+02  1.712E+02  1.710E+02  1.704E+02  1.698E+02 
 2.512E+07  1.713E+02  1.707E+02  1.704E+02  1.698E+02  1.692E+02 
 2.661E+07  1.708E+02  1.702E+02  1.699E+02  1.692E+02  1.686E+02 
 2.818E+07  1.702E+02  1.696E+02  1.693E+02  1.686E+02  1.679E+02 
 2.985E+07  1.697E+02  1.690E+02  1.687E+02  1.679E+02  1.672E+02 
 3.162E+07  1.691E+02  1.684E+02  1.680E+02  1.672E+02  1.665E+02 
 3.350E+07  1.684E+02  1.677E+02  1.673E+02  1.665E+02  1.657E+02 
 3.548E+07  1.678E+02  1.670E+02  1.666E+02  1.657E+02  1.649E+02 
 3.758E+07  1.671E+02  1.662E+02  1.658E+02  1.649E+02  1.640E+02 
 3.981E+07  1.663E+02  1.655E+02  1.650E+02  1.641E+02  1.632E+02 
 4.217E+07  1.656E+02  1.646E+02  1.642E+02  1.632E+02  1.622E+02 
 4.467E+07  1.647E+02  1.638E+02  1.633E+02  1.622E+02  1.612E+02 
 4.732E+07  1.639E+02  1.629E+02  1.624E+02  1.613E+02  1.602E+02 
 5.012E+07  1.630E+02  1.619E+02  1.614E+02  1.602E+02  1.591E+02 
 5.309E+07  1.620E+02  1.609E+02  1.604E+02  1.591E+02  1.580E+02 
 5.623E+07  1.610E+02  1.599E+02  1.593E+02  1.580E+02  1.568E+02 
 5.957E+07  1.600E+02  1.588E+02  1.582E+02  1.569E+02  1.556E+02 
 6.310E+07  1.589E+02  1.576E+02  1.570E+02  1.556E+02  1.543E+02 
 6.683E+07  1.578E+02  1.565E+02  1.558E+02  1.544E+02  1.530E+02 
 7.079E+07  1.566E+02  1.552E+02  1.546E+02  1.531E+02  1.517E+02 
 7.499E+07  1.554E+02  1.539E+02  1.533E+02  1.517E+02  1.503E+02 
 7.943E+07  1.541E+02  1.526E+02  1.519E+02  1.503E+02  1.488E+02 
 8.414E+07  1.528E+02  1.512E+02  1.505E+02  1.488E+02  1.473E+02 
 8.913E+07  1.514E+02  1.498E+02  1.491E+02  1.474E+02  1.458E+02 
 9.441E+07  1.500E+02  1.483E+02  1.476E+02  1.458E+02  1.442E+02 
 1.000E+08  1.485E+02  1.468E+02  1.461E+02  1.443E+02  1.426E+02 
 1.059E+08  1.470E+02  1.453E+02  1.445E+02  1.427E+02  1.410E+02 
 1.122E+08  1.455E+02  1.437E+02  1.429E+02  1.411E+02  1.394E+02 
 1.189E+08  1.439E+02  1.421E+02  1.413E+02  1.394E+02  1.377E+02 
 1.259E+08  1.423E+02  1.405E+02  1.397E+02  1.378E+02  1.361E+02 
 1.334E+08  1.407E+02  1.389E+02  1.380E+02  1.361E+02  1.344E+02 
 1.413E+08  1.391E+02  1.372E+02  1.364E+02  1.344E+02  1.327E+02 
 1.496E+08  1.374E+02  1.355E+02  1.347E+02  1.327E+02  1.311E+02 
 1.585E+08  1.357E+02  1.339E+02  1.330E+02  1.311E+02  1.294E+02 
 1.679E+08  1.341E+02  1.322E+02  1.313E+02  1.294E+02  1.277E+02 
 1.778E+08  1.324E+02  1.305E+02  1.297E+02  1.278E+02  1.261E+02 
 1.884E+08  1.307E+02  1.289E+02  1.280E+02  1.261E+02  1.245E+02 
 1.995E+08  1.291E+02  1.272E+02  1.264E+02  1.245E+02  1.229E+02 
 2.113E+08  1.274E+02  1.256E+02  1.248E+02  1.230E+02  1.214E+02 
 2.239E+08  1.258E+02  1.240E+02  1.232E+02  1.214E+02  1.199E+02 
 2.371E+08  1.242E+02  1.225E+02  1.217E+02  1.199E+02  1.184E+02 
 2.512E+08  1.226E+02  1.209E+02  1.202E+02  1.184E+02  1.170E+02 
 2.661E+08  1.211E+02  1.194E+02  1.187E+02  1.170E+02  1.156E+02 
 2.818E+08  1.196E+02  1.180E+02  1.172E+02  1.156E+02  1.143E+02 
 2.985E+08  1.181E+02  1.165E+02  1.158E+02  1.143E+02  1.130E+02 
 3.162E+08  1.167E+02  1.152E+02  1.145E+02  1.130E+02  1.117E+02 
 3.350E+08  1.153E+02  1.138E+02  1.132E+02  1.117E+02  1.105E+02 
 3.548E+08  1.140E+02  1.126E+02  1.119E+02  1.105E+02  1.093E+02 
 3.758E+08  1.127E+02  1.113E+02  1.107E+02  1.093E+02  1.082E+02 
 3.981E+08  1.115E+02  1.101E+02  1.095E+02  1.082E+02  1.071E+02 
 4.217E+08  1.103E+02  1.089E+02  1.084E+02  1.071E+02  1.061E+02 
 4.467E+08  1.091E+02  1.078E+02  1.073E+02  1.061E+02  1.051E+02 
 4.732E+08  1.080E+02  1.068E+02  1.062E+02  1.051E+02  1.041E+02 
 5.012E+08  1.069E+02  1.057E+02  1.052E+02  1.041E+02  1.032E+02 
 5.309E+08  1.059E+02  1.047E+02  1.042E+02  1.032E+02  1.023E+02 
 5.623E+08  1.049E+02  1.038E+02  1.033E+02  1.023E+02  1.014E+02 
 5.957E+08  1.039E+02  1.029E+02  1.024E+02  1.014E+02  1.006E+02 
 6.310E+08  1.030E+02  1.020E+02  1.015E+02  1.006E+02  9.978E+01 
 6.683E+08  1.021E+02  1.011E+02  1.007E+02  9.977E+01  9.901E+01 
 7.079E+08  1.012E+02  1.003E+02  9.989E+01  9.900E+01  9.827E+01 
 7.499E+08  1.004E+02  9.951E+01  9.911E+01  9.826E+01  9.755E+01 
 7.943E+08  9.962E+01  9.875E+01  9.836E+01  9.754E+01  9.685E+01 
 8.414E+08  9.886E+01  9.801E+01  9.764E+01  9.684E+01  9.618E+01 
 8.913E+08  9.812E+01  9.730E+01  9.694E+01  9.616E+01  9.552E+01 
 9.441E+08  9.740E+01  9.660E+01  9.625E+01  9.550E+01  9.488E+01 
 1.000E+09  9.671E+01  9.593E+01  9.559E+01  9.485E+01  9.425E+01 
 1.059E+09  9.603E+01  9.528E+01  9.494E+01  9.423E+01  9.364E+01 
 1.122E+09  9.538E+01  9.464E+01  9.431E+01  9.361E+01  9.304E+01 
 1.189E+09  9.474E+01  9.401E+01  9.369E+01  9.301E+01  9.244E+01 
 1.259E+09  9.412E+01  9.340E+01  9.309E+01  9.241E+01  9.186E+01 
 1.334E+09  9.350E+01  9.280E+01  9.249E+01  9.182E+01  9.128E+01 
 1.413E+09  9.290E+01  9.221E+01  9.190E+01  9.124E+01  9.070E+01 
 1.496E+09  9.231E+01  9.162E+01  9.132E+01  9.066E+01  9.013E+01 
 1.585E+09  9.173E+01  9.104E+01  9.074E+01  9.009E+01  8.956E+01 
 1.679E+09  9.115E+01  9.046E+01  9.016E+01  8.951E+01  8.898E+01 
 1.778E+09  9.057E+01  8.988E+01  8.958E+01  8.893E+01  8.841E+01 
 1.884E+09  9.000E+01  8.931E+01  8.900E+01  8.835E+01  8.783E+01 
 1.995E+09  8.942E+01  8.873E+01  8.842E+01  8.777E+01  8.724E+01 
 2.113E+09  8.885E+01  8.814E+01  8.784E+01  8.717E+01  8.664E+01 
 2.239E+09  8.827E+01  8.756E+01  8.724E+01  8.657E+01  8.603E+01 
 2.371E+09  8.768E+01  8.696E+01  8.664E+01  8.596E+01  8.541E+01 
 2.512E+09  8.709E+01  8.635E+01  8.603E+01  8.534E+01  8.478E+01 
 2.661E+09  8.649E+01  8.574E+01  8.541E+01  8.470E+01  8.413E+01 
 2.818E+09  8.588E+01  8.511E+01  8.477E+01  8.404E+01  8.346E+01 
 2.985E+09  8.525E+01  8.446E+01  8.411E+01  8.337E+01  8.277E+01 
 3.162E+09  8.462E+01  8.380E+01  8.344E+01  8.268E+01  8.206E+01 
 3.350E+09  8.396E+01  8.312E+01  8.275E+01  8.196E+01  8.133E+01 
 3.548E+09  8.329E+01  8.242E+01  8.204E+01  8.122E+01  8.057E+01 
 3.758E+09  8.259E+01  8.170E+01  8.130E+01  8.046E+01  7.979E+01 
 3.981E+09  8.188E+01  8.095E+01  8.054E+01  7.967E+01  7.897E+01 
 4.217E+09  8.114E+01  8.017E+01  7.975E+01  7.885E+01  7.813E+01 
 4.467E+09  8.037E+01  7.937E+01  7.893E+01  7.800E+01  7.725E+01 
 4.732E+09  7.958E+01  7.854E+01  7.808E+01  7.711E+01  7.634E+01 
 5.012E+09  7.876E+01  7.767E+01  7.720E+01  7.619E+01  7.539E+01 
 5.309E+09  7.790E+01  7.678E+01  7.628E+01  7.523E+01  7.440E+01 
 5.623E+09  7.702E+01  7.584E+01  7.533E+01  7.424E+01  7.338E+01 
 5.957E+09  7.609E+01  7.487E+01  7.434E+01  7.321E+01  7.231E+01 
 6.310E+09  7.513E+01  7.386E+01  7.331E+01  7.213E+01  7.120E+01 
 6.683E+09  7.414E+01  7.282E+01  7.224E+01  7.102E+01  7.005E+01 
 7.079E+09  7.310E+01  7.173E+01  7.113E+01  6.986E+01  6.886E+01 
 7.499E+09  7.202E+01  7.059E+01  6.997E+01  6.865E+01  6.762E+01 
 7.943E+09  7.090E+01  6.942E+01  6.877E+01  6.741E+01  6.634E+01 
 8.414E+09  6.974E+01  6.820E+01  6.753E+01  6.612E+01  6.501E+01 
 8.913E+09  6.853E+01  6.694E+01  6.624E+01  6.478E+01  6.364E+01 
 9.441E+09  6.728E+01  6.563E+01  6.491E+01  6.340E+01  6.223E+01 
 1.000E+10  6.599E+01  6.428E+01  6.354E+01  6.199E+01  6.078E+01 
 1.059E+10  6.465E+01  6.288E+01  6.212E+01  6.053E+01  5.929E+01 
 1.122E+10  6.327E+01  6.145E+01  6.067E+01  5.903E+01  5.777E+01 
 1.189E+10  6.185E+01  5.998E+01  5.917E+01  5.750E+01  5.621E+01 
 1.259E+10  6.039E+01  5.847E+01  5.764E+01  5.593E+01  5.462E+01 
 1.334E+10  5.889E+01  5.692E+01  5.608E+01  5.434E+01  5.300E+01 
 1.413E+10  5.735E+01  5.534E+01  5.449E+01  5.272E+01  5.136E+01 
 1.496E+10  5.578E+01  5.374E+01  5.287E+01  5.108E+01  4.971E+01 
 1.585E+10  5.418E+01  5.211E+01  5.123E+01  4.942E+01  4.805E+01 
 1.679E+10  5.256E+01  5.046E+01  4.958E+01  4.775E+01  4.637E+01 
 1.778E+10  5.092E+01  4.880E+01  4.791E+01  4.608E+01  4.470E+01 
 1.884E+10  4.926E+01  4.713E+01  4.624E+01  4.440E+01  4.303E+01 
 1.995E+10  4.760E+01  4.546E+01  4.456E+01  4.273E+01  4.137E+01 
 2.113E+10  4.592E+01  4.378E+01  4.289E+01  4.108E+01  3.972E+01 
 2.239E+10  4.425E+01  4.212E+01  4.123E+01  3.943E+01  3.809E+01 
 2.371E+10  4.258E+01  4.046E+01  3.958E+01  3.781E+01  3.649E+01 
 2.512E+10  4.092E+01  3.883E+01  3.796E+01  3.621E+01  3.491E+01 
 2.661E+10  3.928E+01  3.721E+01  3.636E+01  3.464E+01  3.337E+01 
 2.818E+10  3.766E+01  3.562E+01  3.478E+01  3.310E+01  3.187E+01 
 2.985E+10  3.606E+01  3.407E+01  3.325E+01  3.160E+01  3.040E+01 
 3.162E+10  3.450E+01  3.254E+01  3.174E+01  3.014E+01  2.897E+01 
 3.350E+10  3.296E+01  3.106E+01  3.028E+01  2.872E+01  2.759E+01 
 3.548E+10  3.147E+01  2.961E+01  2.886E+01  2.735E+01  2.625E+01 
 3.758E+10  3.001E+01  2.821E+01  2.748E+01  2.602E+01  2.496E+01 
 3.981E+10  2.860E+01  2.685E+01  2.614E+01  2.474E+01  2.372E+01 
 4.217E+10  2.723E+01  2.554E+01  2.486E+01  2.351E+01  2.253E+01 
 4.467E+10  2.590E+01  2.428E+01  2.362E+01  2.232E+01  2.138E+01 
 4.732E+10  2.462E+01  2.306E+01  2.243E+01  2.118E+01  2.028E+01 
 5.012E+10  2.340E+01  2.189E+01  2.129E+01  2.009E+01  1.923E+01 
 5.309E+10  2.221E+01  2.077E+01  2.019E+01  1.905E+01  1.823E+01 
 5.623E+10  2.108E+01  1.970E+01  1.915E+01  1.805E+01  1.727E+01 
 5.957E+10  1.999E+01  1.868E+01  1.815E+01  1.710E+01  1.635E+01 
 6.310E+10  1.896E+01  1.770E+01  1.719E+01  1.620E+01  1.548E+01 
 6.683E+10  1.796E+01  1.676E+01  1.628E+01  1.533E+01  1.465E+01 
 7.079E+10  1.702E+01  1.587E+01  1.541E+01  1.451E+01  1.387E+01 
 7.499E+10  1.612E+01  1.502E+01  1.459E+01  1.373E+01  1.312E+01 
 7.943E+10  1.526E+01  1.422E+01  1.380E+01  1.299E+01  1.241E+01 
 8.414E+10  1.444E+01  1.345E+01  1.306E+01  1.229E+01  1.173E+01 
 8.913E+10  1.366E+01  1.272E+01  1.235E+01  1.162E+01  1.109E+01 
 9.441E+10  1.292E+01  1.203E+01  1.168E+01  1.098E+01  1.049E+01 
 1.000E+11  1.222E+01  1.138E+01  1.104E+01  1.038E+01  9.911E+00 
 1.059E+11  1.156E+01  1.076E+01  1.044E+01  9.812E+00  9.366E+00 
 1.122E+11  1.093E+01  1.017E+01  9.864E+00  9.273E+00  8.851E+00 
 1.189E+11  1.033E+01  9.609E+00  9.322E+00  8.762E+00  8.363E+00 
 1.259E+11  9.761E+00  9.080E+00  8.809E+00  8.279E+00  7.901E+00 
 1.334E+11  9.225E+00  8.580E+00  8.323E+00  7.822E+00  7.464E+00 
 1.413E+11  8.717E+00  8.106E+00  7.863E+00  7.389E+00  7.051E+00 
 1.496E+11  8.236E+00  7.658E+00  7.428E+00  6.980E+00  6.660E+00 
 1.585E+11  7.781E+00  7.235E+00  7.017E+00  6.593E+00  6.290E+00 
 1.679E+11  7.350E+00  6.834E+00  6.628E+00  6.227E+00  5.941E+00 
 1.778E+11  6.943E+00  6.455E+00  6.260E+00  5.881E+00  5.611E+00 
 1.884E+11  6.558E+00  6.096E+00  5.912E+00  5.554E+00  5.299E+00 
 1.995E+11  6.194E+00  5.758E+00  5.584E+00  5.245E+00  5.004E+00 
 2.113E+11  5.850E+00  5.437E+00  5.273E+00  4.953E+00  4.725E+00 
 2.239E+11  5.525E+00  5.135E+00  4.980E+00  4.677E+00  4.462E+00 
 2.371E+11  5.217E+00  4.849E+00  4.702E+00  4.417E+00  4.213E+00 
 2.512E+11  4.927E+00  4.579E+00  4.440E+00  4.171E+00  3.978E+00 
 2.661E+11  4.653E+00  4.324E+00  4.193E+00  3.938E+00  3.756E+00 
 2.818E+11  4.393E+00  4.083E+00  3.959E+00  3.718E+00  3.547E+00 
 2.985E+11  4.149E+00  3.855E+00  3.738E+00  3.511E+00  3.349E+00 
 3.162E+11  3.917E+00  3.640E+00  3.530E+00  3.315E+00  3.162E+00 
 3.350E+11  3.699E+00  3.437E+00  3.333E+00  3.130E+00  2.985E+00 
 3.548E+11  3.492E+00  3.245E+00  3.147E+00  2.955E+00  2.819E+00 
 3.758E+11  3.297E+00  3.064E+00  2.971E+00  2.790E+00  2.661E+00 
 3.981E+11  3.113E+00  2.893E+00  2.805E+00  2.634E+00  2.513E+00 
 4.217E+11  2.939E+00  2.731E+00  2.648E+00  2.487E+00  2.372E+00 
 4.467E+11  2.775E+00  2.579E+00  2.500E+00  2.348E+00  2.240E+00 
 4.732E+11  2.620E+00  2.435E+00  2.361E+00  2.217E+00  2.114E+00 
 5.012E+11  2.474E+00  2.299E+00  2.229E+00  2.093E+00  1.996E+00 
 5.309E+11  2.336E+00  2.170E+00  2.104E+00  1.976E+00  1.885E+00 
 5.623E+11  2.205E+00  2.049E+00  1.987E+00  1.866E+00  1.779E+00 
 5.957E+11  2.082E+00  1.934E+00  1.876E+00  1.761E+00  1.680E+00 
 6.310E+11  1.965E+00  1.826E+00  1.771E+00  1.663E+00  1.586E+00 
 6.683E+11  1.856E+00  1.724E+00  1.672E+00  1.570E+00  1.497E+00 
 7.079E+11  1.752E+00  1.628E+00  1.578E+00  1.482E+00  1.413E+00 
 7.499E+11  1.654E+00  1.537E+00  1.490E+00  1.399E+00  1.334E+00 
 7.943E+11  1.561E+00  1.451E+00  1.407E+00  1.321E+00  1.260E+00 
 8.414E+11  1.474E+00  1.370E+00  1.328E+00  1.247E+00  1.189E+00 
 8.913E+11  1.392E+00  1.293E+00  1.254E+00  1.177E+00  1.123E+00 
 9.441E+11  1.314E+00  1.221E+00  1.184E+00  1.111E+00  1.060E+00 
 1.000E+12  1.240E+00  1.152E+00  1.117E+00  1.049E+00  1.001E+00 
