#format table ## [Custom WaveView] saved 11:20:58 Tue Oct 23 2018
XVAL Mag_:_ac:mmos=14 Mag_:_ac:mmos=18 Mag_:_ac:mmos=20 Mag_:_ac:mmos=25 Mag_:_ac:mmos=30 
 1.000E+01  3.057E+01  3.038E+01  3.032E+01  3.026E+01  3.029E+01 
 1.059E+01  3.057E+01  3.038E+01  3.032E+01  3.026E+01  3.029E+01 
 1.122E+01  3.057E+01  3.038E+01  3.032E+01  3.026E+01  3.029E+01 
 1.189E+01  3.057E+01  3.038E+01  3.032E+01  3.026E+01  3.029E+01 
 1.259E+01  3.057E+01  3.038E+01  3.032E+01  3.026E+01  3.029E+01 
 1.334E+01  3.057E+01  3.038E+01  3.032E+01  3.026E+01  3.029E+01 
 1.413E+01  3.057E+01  3.038E+01  3.032E+01  3.026E+01  3.029E+01 
 1.496E+01  3.057E+01  3.038E+01  3.032E+01  3.026E+01  3.029E+01 
 1.585E+01  3.057E+01  3.038E+01  3.032E+01  3.026E+01  3.029E+01 
 1.679E+01  3.057E+01  3.038E+01  3.032E+01  3.026E+01  3.029E+01 
 1.778E+01  3.057E+01  3.038E+01  3.032E+01  3.026E+01  3.029E+01 
 1.884E+01  3.057E+01  3.038E+01  3.032E+01  3.026E+01  3.029E+01 
 1.995E+01  3.057E+01  3.038E+01  3.032E+01  3.026E+01  3.029E+01 
 2.113E+01  3.057E+01  3.038E+01  3.032E+01  3.026E+01  3.029E+01 
 2.239E+01  3.057E+01  3.038E+01  3.032E+01  3.026E+01  3.029E+01 
 2.371E+01  3.057E+01  3.038E+01  3.032E+01  3.026E+01  3.029E+01 
 2.512E+01  3.057E+01  3.038E+01  3.032E+01  3.026E+01  3.029E+01 
 2.661E+01  3.057E+01  3.038E+01  3.032E+01  3.026E+01  3.029E+01 
 2.818E+01  3.057E+01  3.038E+01  3.032E+01  3.026E+01  3.029E+01 
 2.985E+01  3.057E+01  3.038E+01  3.032E+01  3.026E+01  3.029E+01 
 3.162E+01  3.057E+01  3.038E+01  3.032E+01  3.026E+01  3.029E+01 
 3.350E+01  3.057E+01  3.038E+01  3.032E+01  3.026E+01  3.029E+01 
 3.548E+01  3.057E+01  3.038E+01  3.032E+01  3.026E+01  3.029E+01 
 3.758E+01  3.057E+01  3.038E+01  3.032E+01  3.026E+01  3.029E+01 
 3.981E+01  3.057E+01  3.038E+01  3.032E+01  3.026E+01  3.029E+01 
 4.217E+01  3.057E+01  3.038E+01  3.032E+01  3.026E+01  3.029E+01 
 4.467E+01  3.057E+01  3.038E+01  3.032E+01  3.026E+01  3.029E+01 
 4.732E+01  3.057E+01  3.038E+01  3.032E+01  3.026E+01  3.029E+01 
 5.012E+01  3.057E+01  3.038E+01  3.032E+01  3.026E+01  3.029E+01 
 5.309E+01  3.057E+01  3.038E+01  3.032E+01  3.026E+01  3.029E+01 
 5.623E+01  3.057E+01  3.038E+01  3.032E+01  3.026E+01  3.029E+01 
 5.957E+01  3.057E+01  3.038E+01  3.032E+01  3.026E+01  3.029E+01 
 6.310E+01  3.057E+01  3.038E+01  3.032E+01  3.026E+01  3.029E+01 
 6.683E+01  3.057E+01  3.038E+01  3.032E+01  3.026E+01  3.029E+01 
 7.079E+01  3.057E+01  3.038E+01  3.032E+01  3.026E+01  3.029E+01 
 7.499E+01  3.057E+01  3.038E+01  3.032E+01  3.026E+01  3.029E+01 
 7.943E+01  3.057E+01  3.038E+01  3.032E+01  3.026E+01  3.029E+01 
 8.414E+01  3.057E+01  3.038E+01  3.032E+01  3.026E+01  3.029E+01 
 8.913E+01  3.057E+01  3.038E+01  3.032E+01  3.026E+01  3.029E+01 
 9.441E+01  3.057E+01  3.038E+01  3.032E+01  3.026E+01  3.029E+01 
 1.000E+02  3.057E+01  3.038E+01  3.032E+01  3.026E+01  3.029E+01 
 1.059E+02  3.057E+01  3.038E+01  3.032E+01  3.026E+01  3.029E+01 
 1.122E+02  3.057E+01  3.038E+01  3.032E+01  3.026E+01  3.029E+01 
 1.189E+02  3.057E+01  3.038E+01  3.032E+01  3.026E+01  3.029E+01 
 1.259E+02  3.057E+01  3.038E+01  3.032E+01  3.026E+01  3.029E+01 
 1.334E+02  3.057E+01  3.038E+01  3.032E+01  3.026E+01  3.029E+01 
 1.413E+02  3.057E+01  3.038E+01  3.032E+01  3.026E+01  3.029E+01 
 1.496E+02  3.057E+01  3.038E+01  3.032E+01  3.026E+01  3.029E+01 
 1.585E+02  3.057E+01  3.038E+01  3.032E+01  3.026E+01  3.029E+01 
 1.679E+02  3.057E+01  3.038E+01  3.032E+01  3.026E+01  3.029E+01 
 1.778E+02  3.057E+01  3.038E+01  3.032E+01  3.026E+01  3.029E+01 
 1.884E+02  3.057E+01  3.038E+01  3.032E+01  3.026E+01  3.029E+01 
 1.995E+02  3.057E+01  3.038E+01  3.032E+01  3.026E+01  3.029E+01 
 2.113E+02  3.057E+01  3.038E+01  3.032E+01  3.026E+01  3.029E+01 
 2.239E+02  3.057E+01  3.038E+01  3.032E+01  3.026E+01  3.029E+01 
 2.371E+02  3.057E+01  3.038E+01  3.032E+01  3.026E+01  3.029E+01 
 2.512E+02  3.057E+01  3.038E+01  3.032E+01  3.026E+01  3.029E+01 
 2.661E+02  3.057E+01  3.038E+01  3.032E+01  3.026E+01  3.029E+01 
 2.818E+02  3.057E+01  3.038E+01  3.032E+01  3.026E+01  3.029E+01 
 2.985E+02  3.057E+01  3.038E+01  3.032E+01  3.026E+01  3.029E+01 
 3.162E+02  3.057E+01  3.038E+01  3.032E+01  3.026E+01  3.029E+01 
 3.350E+02  3.057E+01  3.038E+01  3.032E+01  3.026E+01  3.029E+01 
 3.548E+02  3.057E+01  3.038E+01  3.032E+01  3.026E+01  3.029E+01 
 3.758E+02  3.057E+01  3.038E+01  3.032E+01  3.026E+01  3.029E+01 
 3.981E+02  3.057E+01  3.038E+01  3.032E+01  3.026E+01  3.029E+01 
 4.217E+02  3.057E+01  3.038E+01  3.032E+01  3.026E+01  3.029E+01 
 4.467E+02  3.057E+01  3.038E+01  3.032E+01  3.026E+01  3.029E+01 
 4.732E+02  3.057E+01  3.038E+01  3.032E+01  3.026E+01  3.029E+01 
 5.012E+02  3.057E+01  3.038E+01  3.032E+01  3.026E+01  3.029E+01 
 5.309E+02  3.057E+01  3.038E+01  3.032E+01  3.026E+01  3.029E+01 
 5.623E+02  3.057E+01  3.038E+01  3.032E+01  3.026E+01  3.029E+01 
 5.957E+02  3.057E+01  3.038E+01  3.032E+01  3.026E+01  3.029E+01 
 6.310E+02  3.057E+01  3.038E+01  3.032E+01  3.026E+01  3.029E+01 
 6.683E+02  3.057E+01  3.038E+01  3.032E+01  3.026E+01  3.029E+01 
 7.079E+02  3.057E+01  3.038E+01  3.032E+01  3.026E+01  3.029E+01 
 7.499E+02  3.057E+01  3.038E+01  3.032E+01  3.026E+01  3.029E+01 
 7.943E+02  3.057E+01  3.038E+01  3.032E+01  3.026E+01  3.029E+01 
 8.414E+02  3.057E+01  3.038E+01  3.032E+01  3.026E+01  3.029E+01 
 8.913E+02  3.057E+01  3.038E+01  3.032E+01  3.026E+01  3.029E+01 
 9.441E+02  3.057E+01  3.038E+01  3.032E+01  3.026E+01  3.029E+01 
 1.000E+03  3.057E+01  3.038E+01  3.032E+01  3.026E+01  3.029E+01 
 1.059E+03  3.057E+01  3.038E+01  3.032E+01  3.026E+01  3.029E+01 
 1.122E+03  3.057E+01  3.038E+01  3.032E+01  3.026E+01  3.029E+01 
 1.189E+03  3.057E+01  3.038E+01  3.032E+01  3.026E+01  3.029E+01 
 1.259E+03  3.057E+01  3.038E+01  3.032E+01  3.026E+01  3.029E+01 
 1.334E+03  3.057E+01  3.038E+01  3.032E+01  3.026E+01  3.029E+01 
 1.413E+03  3.057E+01  3.038E+01  3.032E+01  3.026E+01  3.029E+01 
 1.496E+03  3.057E+01  3.038E+01  3.032E+01  3.026E+01  3.029E+01 
 1.585E+03  3.057E+01  3.038E+01  3.032E+01  3.026E+01  3.029E+01 
 1.679E+03  3.057E+01  3.038E+01  3.032E+01  3.026E+01  3.029E+01 
 1.778E+03  3.057E+01  3.038E+01  3.032E+01  3.026E+01  3.029E+01 
 1.884E+03  3.057E+01  3.038E+01  3.032E+01  3.026E+01  3.029E+01 
 1.995E+03  3.057E+01  3.038E+01  3.032E+01  3.026E+01  3.029E+01 
 2.113E+03  3.057E+01  3.038E+01  3.032E+01  3.026E+01  3.029E+01 
 2.239E+03  3.057E+01  3.038E+01  3.032E+01  3.026E+01  3.029E+01 
 2.371E+03  3.057E+01  3.038E+01  3.032E+01  3.026E+01  3.029E+01 
 2.512E+03  3.057E+01  3.038E+01  3.032E+01  3.026E+01  3.029E+01 
 2.661E+03  3.057E+01  3.038E+01  3.032E+01  3.026E+01  3.029E+01 
 2.818E+03  3.057E+01  3.038E+01  3.032E+01  3.026E+01  3.029E+01 
 2.985E+03  3.057E+01  3.038E+01  3.032E+01  3.026E+01  3.029E+01 
 3.162E+03  3.057E+01  3.038E+01  3.032E+01  3.026E+01  3.029E+01 
 3.350E+03  3.057E+01  3.038E+01  3.032E+01  3.026E+01  3.029E+01 
 3.548E+03  3.057E+01  3.038E+01  3.032E+01  3.026E+01  3.029E+01 
 3.758E+03  3.057E+01  3.038E+01  3.032E+01  3.026E+01  3.029E+01 
 3.981E+03  3.057E+01  3.038E+01  3.032E+01  3.026E+01  3.029E+01 
 4.217E+03  3.057E+01  3.038E+01  3.032E+01  3.026E+01  3.029E+01 
 4.467E+03  3.057E+01  3.038E+01  3.032E+01  3.026E+01  3.029E+01 
 4.732E+03  3.057E+01  3.038E+01  3.032E+01  3.026E+01  3.029E+01 
 5.012E+03  3.057E+01  3.038E+01  3.032E+01  3.026E+01  3.029E+01 
 5.309E+03  3.057E+01  3.038E+01  3.032E+01  3.026E+01  3.029E+01 
 5.623E+03  3.057E+01  3.038E+01  3.032E+01  3.026E+01  3.029E+01 
 5.957E+03  3.057E+01  3.038E+01  3.032E+01  3.026E+01  3.029E+01 
 6.310E+03  3.057E+01  3.038E+01  3.032E+01  3.026E+01  3.029E+01 
 6.683E+03  3.057E+01  3.038E+01  3.032E+01  3.026E+01  3.029E+01 
 7.079E+03  3.057E+01  3.038E+01  3.032E+01  3.026E+01  3.029E+01 
 7.499E+03  3.057E+01  3.038E+01  3.032E+01  3.026E+01  3.029E+01 
 7.943E+03  3.057E+01  3.038E+01  3.032E+01  3.026E+01  3.029E+01 
 8.414E+03  3.057E+01  3.038E+01  3.032E+01  3.026E+01  3.029E+01 
 8.913E+03  3.057E+01  3.038E+01  3.032E+01  3.026E+01  3.029E+01 
 9.441E+03  3.057E+01  3.038E+01  3.032E+01  3.026E+01  3.029E+01 
 1.000E+04  3.057E+01  3.038E+01  3.032E+01  3.026E+01  3.029E+01 
 1.059E+04  3.057E+01  3.038E+01  3.032E+01  3.026E+01  3.029E+01 
 1.122E+04  3.057E+01  3.038E+01  3.032E+01  3.026E+01  3.029E+01 
 1.189E+04  3.057E+01  3.038E+01  3.032E+01  3.026E+01  3.029E+01 
 1.259E+04  3.057E+01  3.038E+01  3.032E+01  3.026E+01  3.029E+01 
 1.334E+04  3.057E+01  3.038E+01  3.032E+01  3.026E+01  3.029E+01 
 1.413E+04  3.057E+01  3.038E+01  3.032E+01  3.026E+01  3.029E+01 
 1.496E+04  3.057E+01  3.038E+01  3.032E+01  3.026E+01  3.029E+01 
 1.585E+04  3.057E+01  3.038E+01  3.032E+01  3.026E+01  3.029E+01 
 1.679E+04  3.057E+01  3.038E+01  3.032E+01  3.026E+01  3.029E+01 
 1.778E+04  3.057E+01  3.038E+01  3.032E+01  3.026E+01  3.029E+01 
 1.884E+04  3.057E+01  3.038E+01  3.032E+01  3.026E+01  3.029E+01 
 1.995E+04  3.057E+01  3.038E+01  3.032E+01  3.026E+01  3.029E+01 
 2.113E+04  3.057E+01  3.038E+01  3.032E+01  3.026E+01  3.029E+01 
 2.239E+04  3.057E+01  3.038E+01  3.032E+01  3.026E+01  3.029E+01 
 2.371E+04  3.057E+01  3.038E+01  3.032E+01  3.026E+01  3.029E+01 
 2.512E+04  3.057E+01  3.038E+01  3.032E+01  3.026E+01  3.029E+01 
 2.661E+04  3.057E+01  3.038E+01  3.032E+01  3.026E+01  3.029E+01 
 2.818E+04  3.057E+01  3.038E+01  3.032E+01  3.026E+01  3.029E+01 
 2.985E+04  3.057E+01  3.038E+01  3.032E+01  3.026E+01  3.029E+01 
 3.162E+04  3.057E+01  3.038E+01  3.032E+01  3.026E+01  3.029E+01 
 3.350E+04  3.057E+01  3.038E+01  3.032E+01  3.026E+01  3.029E+01 
 3.548E+04  3.057E+01  3.038E+01  3.032E+01  3.026E+01  3.029E+01 
 3.758E+04  3.057E+01  3.038E+01  3.032E+01  3.026E+01  3.029E+01 
 3.981E+04  3.057E+01  3.038E+01  3.032E+01  3.026E+01  3.029E+01 
 4.217E+04  3.057E+01  3.038E+01  3.032E+01  3.026E+01  3.029E+01 
 4.467E+04  3.057E+01  3.038E+01  3.032E+01  3.026E+01  3.029E+01 
 4.732E+04  3.057E+01  3.038E+01  3.032E+01  3.026E+01  3.029E+01 
 5.012E+04  3.057E+01  3.038E+01  3.032E+01  3.026E+01  3.029E+01 
 5.309E+04  3.057E+01  3.038E+01  3.032E+01  3.026E+01  3.029E+01 
 5.623E+04  3.057E+01  3.038E+01  3.032E+01  3.026E+01  3.029E+01 
 5.957E+04  3.057E+01  3.038E+01  3.032E+01  3.026E+01  3.029E+01 
 6.310E+04  3.057E+01  3.038E+01  3.032E+01  3.026E+01  3.029E+01 
 6.683E+04  3.057E+01  3.038E+01  3.032E+01  3.026E+01  3.029E+01 
 7.079E+04  3.057E+01  3.038E+01  3.032E+01  3.026E+01  3.029E+01 
 7.499E+04  3.057E+01  3.038E+01  3.032E+01  3.026E+01  3.029E+01 
 7.943E+04  3.057E+01  3.038E+01  3.032E+01  3.026E+01  3.029E+01 
 8.414E+04  3.057E+01  3.038E+01  3.032E+01  3.026E+01  3.029E+01 
 8.913E+04  3.057E+01  3.038E+01  3.032E+01  3.026E+01  3.029E+01 
 9.441E+04  3.057E+01  3.038E+01  3.032E+01  3.026E+01  3.029E+01 
 1.000E+05  3.057E+01  3.038E+01  3.032E+01  3.026E+01  3.029E+01 
 1.059E+05  3.057E+01  3.038E+01  3.032E+01  3.026E+01  3.029E+01 
 1.122E+05  3.057E+01  3.038E+01  3.032E+01  3.026E+01  3.029E+01 
 1.189E+05  3.057E+01  3.038E+01  3.032E+01  3.026E+01  3.029E+01 
 1.259E+05  3.057E+01  3.038E+01  3.032E+01  3.026E+01  3.029E+01 
 1.334E+05  3.057E+01  3.038E+01  3.032E+01  3.026E+01  3.029E+01 
 1.413E+05  3.057E+01  3.038E+01  3.032E+01  3.026E+01  3.029E+01 
 1.496E+05  3.057E+01  3.038E+01  3.032E+01  3.026E+01  3.029E+01 
 1.585E+05  3.057E+01  3.038E+01  3.032E+01  3.026E+01  3.029E+01 
 1.679E+05  3.057E+01  3.038E+01  3.032E+01  3.026E+01  3.029E+01 
 1.778E+05  3.057E+01  3.038E+01  3.032E+01  3.026E+01  3.029E+01 
 1.884E+05  3.057E+01  3.038E+01  3.032E+01  3.026E+01  3.029E+01 
 1.995E+05  3.057E+01  3.038E+01  3.032E+01  3.026E+01  3.029E+01 
 2.113E+05  3.057E+01  3.038E+01  3.032E+01  3.026E+01  3.029E+01 
 2.239E+05  3.057E+01  3.038E+01  3.032E+01  3.026E+01  3.029E+01 
 2.371E+05  3.057E+01  3.038E+01  3.032E+01  3.026E+01  3.029E+01 
 2.512E+05  3.057E+01  3.038E+01  3.032E+01  3.026E+01  3.029E+01 
 2.661E+05  3.057E+01  3.038E+01  3.032E+01  3.026E+01  3.029E+01 
 2.818E+05  3.057E+01  3.038E+01  3.032E+01  3.026E+01  3.029E+01 
 2.985E+05  3.057E+01  3.038E+01  3.032E+01  3.026E+01  3.029E+01 
 3.162E+05  3.057E+01  3.038E+01  3.032E+01  3.026E+01  3.029E+01 
 3.350E+05  3.057E+01  3.038E+01  3.032E+01  3.026E+01  3.029E+01 
 3.548E+05  3.057E+01  3.038E+01  3.032E+01  3.026E+01  3.029E+01 
 3.758E+05  3.057E+01  3.038E+01  3.032E+01  3.026E+01  3.029E+01 
 3.981E+05  3.057E+01  3.038E+01  3.032E+01  3.026E+01  3.029E+01 
 4.217E+05  3.057E+01  3.038E+01  3.032E+01  3.026E+01  3.029E+01 
 4.467E+05  3.057E+01  3.038E+01  3.032E+01  3.026E+01  3.029E+01 
 4.732E+05  3.057E+01  3.038E+01  3.032E+01  3.026E+01  3.029E+01 
 5.012E+05  3.057E+01  3.038E+01  3.032E+01  3.026E+01  3.029E+01 
 5.309E+05  3.057E+01  3.038E+01  3.032E+01  3.026E+01  3.029E+01 
 5.623E+05  3.057E+01  3.038E+01  3.032E+01  3.026E+01  3.029E+01 
 5.957E+05  3.057E+01  3.038E+01  3.032E+01  3.026E+01  3.029E+01 
 6.310E+05  3.057E+01  3.038E+01  3.032E+01  3.026E+01  3.029E+01 
 6.683E+05  3.057E+01  3.038E+01  3.032E+01  3.026E+01  3.029E+01 
 7.079E+05  3.057E+01  3.038E+01  3.032E+01  3.026E+01  3.029E+01 
 7.499E+05  3.057E+01  3.038E+01  3.032E+01  3.026E+01  3.029E+01 
 7.943E+05  3.057E+01  3.038E+01  3.032E+01  3.026E+01  3.029E+01 
 8.414E+05  3.057E+01  3.038E+01  3.032E+01  3.026E+01  3.029E+01 
 8.913E+05  3.057E+01  3.038E+01  3.032E+01  3.026E+01  3.029E+01 
 9.441E+05  3.057E+01  3.038E+01  3.032E+01  3.026E+01  3.029E+01 
 1.000E+06  3.057E+01  3.038E+01  3.032E+01  3.026E+01  3.029E+01 
 1.059E+06  3.057E+01  3.038E+01  3.032E+01  3.026E+01  3.029E+01 
 1.122E+06  3.057E+01  3.038E+01  3.032E+01  3.026E+01  3.029E+01 
 1.189E+06  3.057E+01  3.038E+01  3.032E+01  3.026E+01  3.029E+01 
 1.259E+06  3.057E+01  3.038E+01  3.032E+01  3.026E+01  3.029E+01 
 1.334E+06  3.057E+01  3.038E+01  3.032E+01  3.026E+01  3.029E+01 
 1.413E+06  3.057E+01  3.038E+01  3.032E+01  3.026E+01  3.029E+01 
 1.496E+06  3.057E+01  3.038E+01  3.032E+01  3.026E+01  3.029E+01 
 1.585E+06  3.057E+01  3.038E+01  3.032E+01  3.026E+01  3.029E+01 
 1.679E+06  3.057E+01  3.038E+01  3.032E+01  3.026E+01  3.029E+01 
 1.778E+06  3.057E+01  3.038E+01  3.032E+01  3.026E+01  3.029E+01 
 1.884E+06  3.057E+01  3.038E+01  3.032E+01  3.026E+01  3.029E+01 
 1.995E+06  3.057E+01  3.038E+01  3.032E+01  3.026E+01  3.029E+01 
 2.113E+06  3.057E+01  3.038E+01  3.032E+01  3.026E+01  3.029E+01 
 2.239E+06  3.057E+01  3.038E+01  3.032E+01  3.026E+01  3.029E+01 
 2.371E+06  3.057E+01  3.038E+01  3.032E+01  3.026E+01  3.029E+01 
 2.512E+06  3.057E+01  3.038E+01  3.032E+01  3.026E+01  3.029E+01 
 2.661E+06  3.057E+01  3.038E+01  3.032E+01  3.026E+01  3.029E+01 
 2.818E+06  3.057E+01  3.038E+01  3.032E+01  3.026E+01  3.029E+01 
 2.985E+06  3.057E+01  3.037E+01  3.032E+01  3.026E+01  3.029E+01 
 3.162E+06  3.057E+01  3.037E+01  3.032E+01  3.026E+01  3.029E+01 
 3.350E+06  3.057E+01  3.037E+01  3.032E+01  3.026E+01  3.029E+01 
 3.548E+06  3.057E+01  3.037E+01  3.032E+01  3.026E+01  3.029E+01 
 3.758E+06  3.057E+01  3.037E+01  3.032E+01  3.026E+01  3.029E+01 
 3.981E+06  3.057E+01  3.037E+01  3.032E+01  3.026E+01  3.029E+01 
 4.217E+06  3.057E+01  3.037E+01  3.031E+01  3.026E+01  3.029E+01 
 4.467E+06  3.057E+01  3.037E+01  3.031E+01  3.026E+01  3.029E+01 
 4.732E+06  3.057E+01  3.037E+01  3.031E+01  3.026E+01  3.029E+01 
 5.012E+06  3.057E+01  3.037E+01  3.031E+01  3.025E+01  3.029E+01 
 5.309E+06  3.057E+01  3.037E+01  3.031E+01  3.025E+01  3.029E+01 
 5.623E+06  3.057E+01  3.037E+01  3.031E+01  3.025E+01  3.028E+01 
 5.957E+06  3.057E+01  3.037E+01  3.031E+01  3.025E+01  3.028E+01 
 6.310E+06  3.057E+01  3.037E+01  3.031E+01  3.025E+01  3.028E+01 
 6.683E+06  3.057E+01  3.037E+01  3.031E+01  3.025E+01  3.028E+01 
 7.079E+06  3.057E+01  3.037E+01  3.031E+01  3.025E+01  3.028E+01 
 7.499E+06  3.057E+01  3.037E+01  3.031E+01  3.025E+01  3.028E+01 
 7.943E+06  3.056E+01  3.037E+01  3.031E+01  3.025E+01  3.028E+01 
 8.414E+06  3.056E+01  3.036E+01  3.030E+01  3.024E+01  3.027E+01 
 8.913E+06  3.056E+01  3.036E+01  3.030E+01  3.024E+01  3.027E+01 
 9.441E+06  3.056E+01  3.036E+01  3.030E+01  3.024E+01  3.027E+01 
 1.000E+07  3.056E+01  3.036E+01  3.030E+01  3.024E+01  3.027E+01 
 1.059E+07  3.056E+01  3.036E+01  3.030E+01  3.024E+01  3.026E+01 
 1.122E+07  3.055E+01  3.035E+01  3.029E+01  3.023E+01  3.026E+01 
 1.189E+07  3.055E+01  3.035E+01  3.029E+01  3.023E+01  3.026E+01 
 1.259E+07  3.055E+01  3.035E+01  3.029E+01  3.023E+01  3.025E+01 
 1.334E+07  3.055E+01  3.034E+01  3.028E+01  3.022E+01  3.025E+01 
 1.413E+07  3.054E+01  3.034E+01  3.028E+01  3.022E+01  3.024E+01 
 1.496E+07  3.054E+01  3.034E+01  3.028E+01  3.021E+01  3.024E+01 
 1.585E+07  3.053E+01  3.033E+01  3.027E+01  3.021E+01  3.023E+01 
 1.679E+07  3.053E+01  3.033E+01  3.026E+01  3.020E+01  3.022E+01 
 1.778E+07  3.052E+01  3.032E+01  3.026E+01  3.019E+01  3.021E+01 
 1.884E+07  3.052E+01  3.031E+01  3.025E+01  3.018E+01  3.021E+01 
 1.995E+07  3.051E+01  3.030E+01  3.024E+01  3.017E+01  3.019E+01 
 2.113E+07  3.050E+01  3.030E+01  3.023E+01  3.016E+01  3.018E+01 
 2.239E+07  3.050E+01  3.029E+01  3.022E+01  3.015E+01  3.017E+01 
 2.371E+07  3.049E+01  3.028E+01  3.021E+01  3.014E+01  3.016E+01 
 2.512E+07  3.048E+01  3.026E+01  3.020E+01  3.012E+01  3.014E+01 
 2.661E+07  3.046E+01  3.025E+01  3.018E+01  3.011E+01  3.012E+01 
 2.818E+07  3.045E+01  3.023E+01  3.017E+01  3.009E+01  3.010E+01 
 2.985E+07  3.043E+01  3.022E+01  3.015E+01  3.007E+01  3.008E+01 
 3.162E+07  3.042E+01  3.020E+01  3.013E+01  3.005E+01  3.005E+01 
 3.350E+07  3.040E+01  3.018E+01  3.011E+01  3.002E+01  3.002E+01 
 3.548E+07  3.038E+01  3.015E+01  3.008E+01  2.999E+01  2.999E+01 
 3.758E+07  3.036E+01  3.013E+01  3.005E+01  2.996E+01  2.996E+01 
 3.981E+07  3.033E+01  3.010E+01  3.002E+01  2.993E+01  2.992E+01 
 4.217E+07  3.030E+01  3.007E+01  2.999E+01  2.989E+01  2.987E+01 
 4.467E+07  3.027E+01  3.003E+01  2.995E+01  2.984E+01  2.983E+01 
 4.732E+07  3.023E+01  2.999E+01  2.991E+01  2.979E+01  2.977E+01 
 5.012E+07  3.019E+01  2.994E+01  2.986E+01  2.974E+01  2.971E+01 
 5.309E+07  3.015E+01  2.989E+01  2.981E+01  2.968E+01  2.965E+01 
 5.623E+07  3.010E+01  2.984E+01  2.975E+01  2.962E+01  2.957E+01 
 5.957E+07  3.004E+01  2.978E+01  2.968E+01  2.954E+01  2.949E+01 
 6.310E+07  2.998E+01  2.971E+01  2.961E+01  2.946E+01  2.941E+01 
 6.683E+07  2.992E+01  2.963E+01  2.953E+01  2.938E+01  2.931E+01 
 7.079E+07  2.984E+01  2.955E+01  2.945E+01  2.928E+01  2.920E+01 
 7.499E+07  2.976E+01  2.946E+01  2.935E+01  2.917E+01  2.909E+01 
 7.943E+07  2.967E+01  2.936E+01  2.925E+01  2.906E+01  2.896E+01 
 8.414E+07  2.957E+01  2.925E+01  2.913E+01  2.893E+01  2.882E+01 
 8.913E+07  2.946E+01  2.913E+01  2.901E+01  2.879E+01  2.867E+01 
 9.441E+07  2.935E+01  2.900E+01  2.887E+01  2.864E+01  2.851E+01 
 1.000E+08  2.922E+01  2.886E+01  2.873E+01  2.848E+01  2.834E+01 
 1.059E+08  2.908E+01  2.871E+01  2.857E+01  2.831E+01  2.815E+01 
 1.122E+08  2.893E+01  2.854E+01  2.839E+01  2.812E+01  2.795E+01 
 1.189E+08  2.876E+01  2.836E+01  2.821E+01  2.792E+01  2.773E+01 
 1.259E+08  2.858E+01  2.817E+01  2.801E+01  2.770E+01  2.750E+01 
 1.334E+08  2.839E+01  2.797E+01  2.780E+01  2.747E+01  2.726E+01 
 1.413E+08  2.819E+01  2.775E+01  2.757E+01  2.723E+01  2.700E+01 
 1.496E+08  2.797E+01  2.751E+01  2.733E+01  2.697E+01  2.673E+01 
 1.585E+08  2.774E+01  2.726E+01  2.707E+01  2.670E+01  2.644E+01 
 1.679E+08  2.749E+01  2.700E+01  2.680E+01  2.641E+01  2.614E+01 
 1.778E+08  2.723E+01  2.672E+01  2.652E+01  2.611E+01  2.582E+01 
 1.884E+08  2.695E+01  2.643E+01  2.622E+01  2.580E+01  2.550E+01 
 1.995E+08  2.666E+01  2.613E+01  2.591E+01  2.547E+01  2.515E+01 
 2.113E+08  2.636E+01  2.581E+01  2.558E+01  2.513E+01  2.480E+01 
 2.239E+08  2.604E+01  2.547E+01  2.524E+01  2.478E+01  2.444E+01 
 2.371E+08  2.571E+01  2.513E+01  2.489E+01  2.441E+01  2.406E+01 
 2.512E+08  2.537E+01  2.477E+01  2.453E+01  2.404E+01  2.368E+01 
 2.661E+08  2.501E+01  2.441E+01  2.416E+01  2.365E+01  2.328E+01 
 2.818E+08  2.465E+01  2.403E+01  2.377E+01  2.326E+01  2.288E+01 
 2.985E+08  2.427E+01  2.364E+01  2.338E+01  2.285E+01  2.246E+01 
 3.162E+08  2.388E+01  2.324E+01  2.297E+01  2.244E+01  2.204E+01 
 3.350E+08  2.348E+01  2.283E+01  2.256E+01  2.202E+01  2.161E+01 
 3.548E+08  2.308E+01  2.242E+01  2.214E+01  2.159E+01  2.118E+01 
 3.758E+08  2.266E+01  2.199E+01  2.171E+01  2.115E+01  2.074E+01 
 3.981E+08  2.224E+01  2.156E+01  2.128E+01  2.071E+01  2.029E+01 
 4.217E+08  2.181E+01  2.112E+01  2.084E+01  2.027E+01  1.984E+01 
 4.467E+08  2.137E+01  2.068E+01  2.039E+01  1.981E+01  1.938E+01 
 4.732E+08  2.093E+01  2.023E+01  1.994E+01  1.936E+01  1.892E+01 
 5.012E+08  2.048E+01  1.978E+01  1.949E+01  1.889E+01  1.845E+01 
 5.309E+08  2.003E+01  1.932E+01  1.903E+01  1.843E+01  1.798E+01 
 5.623E+08  1.957E+01  1.886E+01  1.856E+01  1.796E+01  1.751E+01 
 5.957E+08  1.911E+01  1.839E+01  1.809E+01  1.749E+01  1.704E+01 
 6.310E+08  1.864E+01  1.792E+01  1.762E+01  1.702E+01  1.656E+01 
 6.683E+08  1.817E+01  1.745E+01  1.715E+01  1.654E+01  1.608E+01 
 7.079E+08  1.770E+01  1.697E+01  1.667E+01  1.606E+01  1.560E+01 
 7.499E+08  1.723E+01  1.650E+01  1.619E+01  1.558E+01  1.512E+01 
 7.943E+08  1.675E+01  1.602E+01  1.571E+01  1.509E+01  1.463E+01 
 8.414E+08  1.627E+01  1.553E+01  1.523E+01  1.461E+01  1.415E+01 
 8.913E+08  1.579E+01  1.505E+01  1.474E+01  1.412E+01  1.366E+01 
 9.441E+08  1.531E+01  1.457E+01  1.426E+01  1.364E+01  1.317E+01 
 1.000E+09  1.482E+01  1.408E+01  1.377E+01  1.315E+01  1.268E+01 
 1.059E+09  1.433E+01  1.359E+01  1.328E+01  1.266E+01  1.219E+01 
 1.122E+09  1.385E+01  1.310E+01  1.279E+01  1.217E+01  1.170E+01 
 1.189E+09  1.336E+01  1.261E+01  1.230E+01  1.168E+01  1.121E+01 
 1.259E+09  1.287E+01  1.212E+01  1.181E+01  1.119E+01  1.072E+01 
 1.334E+09  1.238E+01  1.163E+01  1.132E+01  1.070E+01  1.023E+01 
 1.413E+09  1.189E+01  1.114E+01  1.083E+01  1.020E+01  9.733E+00 
 1.496E+09  1.140E+01  1.065E+01  1.034E+01  9.712E+00  9.241E+00 
 1.585E+09  1.090E+01  1.016E+01  9.848E+00  9.219E+00  8.748E+00 
 1.679E+09  1.041E+01  9.665E+00  9.355E+00  8.727E+00  8.256E+00 
 1.778E+09  9.920E+00  9.173E+00  8.863E+00  8.235E+00  7.764E+00 
 1.884E+09  9.427E+00  8.680E+00  8.371E+00  7.743E+00  7.272E+00 
 1.995E+09  8.935E+00  8.188E+00  7.879E+00  7.251E+00  6.780E+00 
 2.113E+09  8.443E+00  7.696E+00  7.387E+00  6.760E+00  6.289E+00 
 2.239E+09  7.951E+00  7.205E+00  6.896E+00  6.269E+00  5.799E+00 
 2.371E+09  7.459E+00  6.714E+00  6.405E+00  5.779E+00  5.309E+00 
 2.512E+09  6.968E+00  6.223E+00  5.915E+00  5.289E+00  4.821E+00 
 2.661E+09  6.477E+00  5.733E+00  5.425E+00  4.801E+00  4.333E+00 
 2.818E+09  5.987E+00  5.244E+00  4.936E+00  4.313E+00  3.846E+00 
 2.985E+09  5.497E+00  4.756E+00  4.449E+00  3.827E+00  3.361E+00 
 3.162E+09  5.009E+00  4.268E+00  3.962E+00  3.342E+00  2.877E+00 
 3.350E+09  4.521E+00  3.782E+00  3.477E+00  2.858E+00  2.395E+00 
 3.548E+09  4.035E+00  3.298E+00  2.993E+00  2.376E+00  1.915E+00 
 3.758E+09  3.550E+00  2.815E+00  2.511E+00  1.896E+00  1.437E+00 
 3.981E+09  3.067E+00  2.334E+00  2.031E+00  1.419E+00  9.608E-01 
 4.217E+09  2.585E+00  1.855E+00  1.553E+00  9.435E-01  4.878E-01 
 4.467E+09  2.105E+00  1.378E+00  1.078E+00  4.710E-01  1.777E-02 
 4.732E+09  1.628E+00  9.039E-01  6.052E-01  1.572E-03 -4.489E-01 
 5.012E+09  1.153E+00  4.325E-01  1.355E-01 -4.645E-01 -9.120E-01 
 5.309E+09  6.806E-01 -3.576E-02 -3.309E-01 -9.268E-01 -1.371E+00 
 5.623E+09  2.114E-01 -5.005E-01 -7.936E-01 -1.385E+00 -1.825E+00 
 5.957E+09 -2.543E-01 -9.613E-01 -1.252E+00 -1.839E+00 -2.275E+00 
 6.310E+09 -7.163E-01 -1.418E+00 -1.706E+00 -2.287E+00 -2.719E+00 
 6.683E+09 -1.174E+00 -1.870E+00 -2.155E+00 -2.730E+00 -3.157E+00 
 7.079E+09 -1.627E+00 -2.316E+00 -2.599E+00 -3.168E+00 -3.589E+00 
 7.499E+09 -2.076E+00 -2.757E+00 -3.037E+00 -3.598E+00 -4.014E+00 
 7.943E+09 -2.518E+00 -3.192E+00 -3.468E+00 -4.022E+00 -4.431E+00 
 8.414E+09 -2.955E+00 -3.620E+00 -3.892E+00 -4.437E+00 -4.840E+00 
 8.913E+09 -3.385E+00 -4.041E+00 -4.309E+00 -4.845E+00 -5.240E+00 
 9.441E+09 -3.807E+00 -4.453E+00 -4.717E+00 -5.243E+00 -5.631E+00 
 1.000E+10 -4.222E+00 -4.857E+00 -5.116E+00 -5.632E+00 -6.011E+00 
 1.059E+10 -4.629E+00 -5.252E+00 -5.506E+00 -6.010E+00 -6.380E+00 
 1.122E+10 -5.026E+00 -5.637E+00 -5.885E+00 -6.378E+00 -6.739E+00 
 1.189E+10 -5.414E+00 -6.012E+00 -6.254E+00 -6.734E+00 -7.085E+00 
 1.259E+10 -5.792E+00 -6.375E+00 -6.611E+00 -7.078E+00 -7.419E+00 
 1.334E+10 -6.158E+00 -6.727E+00 -6.956E+00 -7.409E+00 -7.739E+00 
 1.413E+10 -6.513E+00 -7.066E+00 -7.289E+00 -7.728E+00 -8.047E+00 
 1.496E+10 -6.856E+00 -7.393E+00 -7.608E+00 -8.033E+00 -8.340E+00 
 1.585E+10 -7.186E+00 -7.706E+00 -7.914E+00 -8.324E+00 -8.620E+00 
 1.679E+10 -7.504E+00 -8.006E+00 -8.207E+00 -8.600E+00 -8.885E+00 
 1.778E+10 -7.807E+00 -8.292E+00 -8.485E+00 -8.863E+00 -9.136E+00 
 1.884E+10 -8.097E+00 -8.564E+00 -8.749E+00 -9.111E+00 -9.372E+00 
 1.995E+10 -8.373E+00 -8.821E+00 -8.998E+00 -9.345E+00 -9.594E+00 
 2.113E+10 -8.634E+00 -9.064E+00 -9.234E+00 -9.565E+00 -9.802E+00 
 2.239E+10 -8.881E+00 -9.292E+00 -9.455E+00 -9.770E+00 -9.996E+00 
 2.371E+10 -9.113E+00 -9.507E+00 -9.661E+00 -9.962E+00 -1.018E+01 
 2.512E+10 -9.332E+00 -9.707E+00 -9.854E+00 -1.014E+01 -1.034E+01 
 2.661E+10 -9.536E+00 -9.894E+00 -1.003E+01 -1.031E+01 -1.050E+01 
 2.818E+10 -9.726E+00 -1.007E+01 -1.020E+01 -1.046E+01 -1.064E+01 
 2.985E+10 -9.904E+00 -1.023E+01 -1.035E+01 -1.060E+01 -1.077E+01 
 3.162E+10 -1.007E+01 -1.038E+01 -1.050E+01 -1.073E+01 -1.090E+01 
 3.350E+10 -1.022E+01 -1.051E+01 -1.063E+01 -1.085E+01 -1.101E+01 
 3.548E+10 -1.036E+01 -1.064E+01 -1.075E+01 -1.096E+01 -1.111E+01 
 3.758E+10 -1.049E+01 -1.075E+01 -1.086E+01 -1.106E+01 -1.120E+01 
 3.981E+10 -1.061E+01 -1.086E+01 -1.096E+01 -1.115E+01 -1.128E+01 
 4.217E+10 -1.071E+01 -1.095E+01 -1.105E+01 -1.123E+01 -1.136E+01 
 4.467E+10 -1.081E+01 -1.104E+01 -1.113E+01 -1.130E+01 -1.143E+01 
 4.732E+10 -1.090E+01 -1.112E+01 -1.121E+01 -1.137E+01 -1.149E+01 
 5.012E+10 -1.098E+01 -1.119E+01 -1.127E+01 -1.143E+01 -1.155E+01 
 5.309E+10 -1.106E+01 -1.126E+01 -1.134E+01 -1.149E+01 -1.160E+01 
 5.623E+10 -1.112E+01 -1.132E+01 -1.139E+01 -1.154E+01 -1.164E+01 
 5.957E+10 -1.119E+01 -1.137E+01 -1.144E+01 -1.158E+01 -1.168E+01 
 6.310E+10 -1.124E+01 -1.142E+01 -1.149E+01 -1.162E+01 -1.172E+01 
 6.683E+10 -1.129E+01 -1.146E+01 -1.153E+01 -1.166E+01 -1.175E+01 
 7.079E+10 -1.133E+01 -1.150E+01 -1.157E+01 -1.169E+01 -1.178E+01 
 7.499E+10 -1.137E+01 -1.154E+01 -1.160E+01 -1.172E+01 -1.181E+01 
 7.943E+10 -1.141E+01 -1.157E+01 -1.163E+01 -1.175E+01 -1.183E+01 
 8.414E+10 -1.144E+01 -1.159E+01 -1.165E+01 -1.177E+01 -1.186E+01 
 8.913E+10 -1.147E+01 -1.162E+01 -1.168E+01 -1.179E+01 -1.188E+01 
 9.441E+10 -1.150E+01 -1.164E+01 -1.170E+01 -1.181E+01 -1.189E+01 
 1.000E+11 -1.152E+01 -1.166E+01 -1.172E+01 -1.183E+01 -1.191E+01 
 1.059E+11 -1.154E+01 -1.168E+01 -1.174E+01 -1.184E+01 -1.192E+01 
 1.122E+11 -1.156E+01 -1.170E+01 -1.175E+01 -1.186E+01 -1.193E+01 
 1.189E+11 -1.158E+01 -1.171E+01 -1.176E+01 -1.187E+01 -1.195E+01 
 1.259E+11 -1.159E+01 -1.172E+01 -1.178E+01 -1.188E+01 -1.195E+01 
 1.334E+11 -1.161E+01 -1.174E+01 -1.179E+01 -1.189E+01 -1.196E+01 
 1.413E+11 -1.162E+01 -1.175E+01 -1.180E+01 -1.190E+01 -1.197E+01 
 1.496E+11 -1.163E+01 -1.176E+01 -1.181E+01 -1.191E+01 -1.198E+01 
 1.585E+11 -1.164E+01 -1.176E+01 -1.181E+01 -1.191E+01 -1.198E+01 
 1.679E+11 -1.165E+01 -1.177E+01 -1.182E+01 -1.192E+01 -1.199E+01 
 1.778E+11 -1.165E+01 -1.178E+01 -1.183E+01 -1.192E+01 -1.200E+01 
 1.884E+11 -1.166E+01 -1.178E+01 -1.183E+01 -1.193E+01 -1.200E+01 
 1.995E+11 -1.167E+01 -1.179E+01 -1.184E+01 -1.193E+01 -1.200E+01 
 2.113E+11 -1.167E+01 -1.179E+01 -1.184E+01 -1.194E+01 -1.201E+01 
 2.239E+11 -1.168E+01 -1.180E+01 -1.185E+01 -1.194E+01 -1.201E+01 
 2.371E+11 -1.168E+01 -1.180E+01 -1.185E+01 -1.194E+01 -1.201E+01 
 2.512E+11 -1.168E+01 -1.181E+01 -1.185E+01 -1.195E+01 -1.202E+01 
 2.661E+11 -1.169E+01 -1.181E+01 -1.186E+01 -1.195E+01 -1.202E+01 
 2.818E+11 -1.169E+01 -1.181E+01 -1.186E+01 -1.195E+01 -1.202E+01 
 2.985E+11 -1.169E+01 -1.181E+01 -1.186E+01 -1.195E+01 -1.202E+01 
 3.162E+11 -1.170E+01 -1.182E+01 -1.186E+01 -1.195E+01 -1.202E+01 
 3.350E+11 -1.170E+01 -1.182E+01 -1.186E+01 -1.196E+01 -1.202E+01 
 3.548E+11 -1.170E+01 -1.182E+01 -1.187E+01 -1.196E+01 -1.203E+01 
 3.758E+11 -1.170E+01 -1.182E+01 -1.187E+01 -1.196E+01 -1.203E+01 
 3.981E+11 -1.170E+01 -1.182E+01 -1.187E+01 -1.196E+01 -1.203E+01 
 4.217E+11 -1.171E+01 -1.182E+01 -1.187E+01 -1.196E+01 -1.203E+01 
 4.467E+11 -1.171E+01 -1.182E+01 -1.187E+01 -1.196E+01 -1.203E+01 
 4.732E+11 -1.171E+01 -1.183E+01 -1.187E+01 -1.196E+01 -1.203E+01 
 5.012E+11 -1.171E+01 -1.183E+01 -1.187E+01 -1.196E+01 -1.203E+01 
 5.309E+11 -1.171E+01 -1.183E+01 -1.187E+01 -1.196E+01 -1.203E+01 
 5.623E+11 -1.171E+01 -1.183E+01 -1.187E+01 -1.196E+01 -1.203E+01 
 5.957E+11 -1.171E+01 -1.183E+01 -1.187E+01 -1.196E+01 -1.203E+01 
 6.310E+11 -1.171E+01 -1.183E+01 -1.187E+01 -1.197E+01 -1.203E+01 
 6.683E+11 -1.171E+01 -1.183E+01 -1.187E+01 -1.197E+01 -1.203E+01 
 7.079E+11 -1.171E+01 -1.183E+01 -1.188E+01 -1.197E+01 -1.203E+01 
 7.499E+11 -1.171E+01 -1.183E+01 -1.188E+01 -1.197E+01 -1.203E+01 
 7.943E+11 -1.171E+01 -1.183E+01 -1.188E+01 -1.197E+01 -1.203E+01 
 8.414E+11 -1.171E+01 -1.183E+01 -1.188E+01 -1.197E+01 -1.203E+01 
 8.913E+11 -1.171E+01 -1.183E+01 -1.188E+01 -1.197E+01 -1.203E+01 
 9.441E+11 -1.171E+01 -1.183E+01 -1.188E+01 -1.197E+01 -1.204E+01 
 1.000E+12 -1.171E+01 -1.183E+01 -1.188E+01 -1.197E+01 -1.204E+01 
