#format table ## [Custom WaveView] saved 02:30:38 Fri Oct  5 2018
XVAL gm/id_short_L_:_dc 
 1.332E-04  1.984E+01 
 2.643E-04  9.842E+00 
 3.933E-04  6.508E+00 
 5.203E-04  4.840E+00 
 6.451E-04  3.839E+00 
 7.679E-04  3.171E+00 
 8.886E-04  2.694E+00 
 1.007E-03  2.336E+00 
 1.124E-03  2.057E+00 
 1.239E-03  1.834E+00 
 1.351E-03  1.651E+00 
 1.462E-03  1.498E+00 
 1.570E-03  1.369E+00 
 1.676E-03  1.258E+00 
 1.781E-03  1.161E+00 
 1.883E-03  1.076E+00 
 1.983E-03  1.002E+00 
 2.082E-03  9.347E-01 
 2.178E-03  8.746E-01 
 2.272E-03  8.201E-01 
 2.364E-03  7.703E-01 
 2.454E-03  7.245E-01 
 2.542E-03  6.816E-01 
 2.628E-03  6.408E-01 
 2.711E-03  6.010E-01 
 2.791E-03  5.608E-01 
 2.867E-03  5.187E-01 
 2.939E-03  4.736E-01 
 3.006E-03  4.254E-01 
 3.067E-03  3.761E-01 
 3.122E-03  3.284E-01 
 3.170E-03  2.849E-01 
 3.212E-03  2.469E-01 
 3.249E-03  2.146E-01 
 3.282E-03  1.874E-01 
 3.311E-03  1.647E-01 
 3.336E-03  1.457E-01 
 3.359E-03  1.296E-01 
 3.380E-03  1.161E-01 
 3.398E-03  1.045E-01 
 3.415E-03  9.463E-02 
 3.431E-03  8.609E-02 
 3.445E-03  7.867E-02 
 3.458E-03  7.220E-02 
 3.470E-03  6.652E-02 
 3.481E-03  6.151E-02 
 3.491E-03  5.707E-02 
 3.501E-03  5.311E-02 
 3.510E-03  4.957E-02 
 3.518E-03  4.640E-02 
 3.526E-03  4.354E-02 
 3.534E-03  4.095E-02 
 3.541E-03  3.861E-02 
 3.547E-03  3.647E-02 
 3.554E-03  3.453E-02 
 3.559E-03  3.275E-02 
 3.565E-03  3.112E-02 
 3.571E-03  2.962E-02 
 3.576E-03  2.823E-02 
 3.581E-03  2.696E-02 
 3.585E-03  2.578E-02 
 3.590E-03  2.468E-02 
 3.594E-03  2.366E-02 
 3.598E-03  2.272E-02 
 3.602E-03  2.184E-02 
 3.606E-03  2.101E-02 
 3.610E-03  2.024E-02 
 3.614E-03  1.952E-02 
 3.617E-03  1.885E-02 
 3.620E-03  1.821E-02 
 3.624E-03  1.762E-02 
 3.627E-03  1.706E-02 
 3.630E-03  1.653E-02 
 3.633E-03  1.603E-02 
 3.636E-03  1.557E-02 
 3.638E-03  1.512E-02 
 3.641E-03  1.471E-02 
 3.644E-03  1.432E-02 
 3.646E-03  1.395E-02 
 3.649E-03  1.361E-02 
 3.651E-03  1.328E-02 
 3.654E-03  1.299E-02 
 3.656E-03  1.271E-02 
 3.658E-03  1.246E-02 
 3.661E-03  1.224E-02 
 3.663E-03  1.204E-02 
 3.665E-03  1.187E-02 
 3.667E-03  1.173E-02 
 3.669E-03  1.163E-02 
 3.672E-03  1.157E-02 
 3.674E-03  1.155E-02 
 3.676E-03  1.158E-02 
 3.678E-03  1.166E-02 
 3.680E-03  1.179E-02 
 3.682E-03  1.200E-02 
 3.684E-03  1.227E-02 
 3.687E-03  1.263E-02 
 3.689E-03  1.308E-02 
 3.692E-03  1.362E-02 
 3.694E-03  1.391E-02 
