#format table ## [Custom WaveView] saved 21:17:04 Sun Oct 21 2018
XVAL id_short_L:vgs=3.33333 id_long_L_3:vgs=3.33333 id_long_L_6:vgs=3.33333 
 0.000E+00 -0.000E+00 -0.000E+00 -0.000E+00 
 5.000E-02  1.117E-04  5.785E-05  6.215E-05 
 1.000E-01  2.205E-04  1.143E-04  1.228E-04 
 1.500E-01  3.264E-04  1.693E-04  1.821E-04 
 2.000E-01  4.295E-04  2.229E-04  2.399E-04 
 2.500E-01  5.298E-04  2.751E-04  2.962E-04 
 3.000E-01  6.272E-04  3.259E-04  3.510E-04 
 3.500E-01  7.218E-04  3.753E-04  4.044E-04 
 4.000E-01  8.137E-04  4.233E-04  4.564E-04 
 4.500E-01  9.027E-04  4.699E-04  5.069E-04 
 5.000E-01  9.890E-04  5.151E-04  5.559E-04 
 5.500E-01  1.072E-03  5.588E-04  6.035E-04 
 6.000E-01  1.153E-03  6.012E-04  6.497E-04 
 6.500E-01  1.231E-03  6.422E-04  6.944E-04 
 7.000E-01  1.306E-03  6.818E-04  7.377E-04 
 7.500E-01  1.379E-03  7.200E-04  7.795E-04 
 8.000E-01  1.448E-03  7.569E-04  8.198E-04 
 8.500E-01  1.514E-03  7.923E-04  8.588E-04 
 9.000E-01  1.576E-03  8.263E-04  8.962E-04 
 9.500E-01  1.635E-03  8.590E-04  9.323E-04 
 1.000E+00  1.688E-03  8.903E-04  9.669E-04 
 1.050E+00  1.735E-03  9.202E-04  1.000E-03 
 1.100E+00  1.776E-03  9.487E-04  1.032E-03 
 1.150E+00  1.812E-03  9.758E-04  1.062E-03 
 1.200E+00  1.842E-03  1.002E-03  1.091E-03 
 1.250E+00  1.868E-03  1.026E-03  1.118E-03 
 1.300E+00  1.890E-03  1.049E-03  1.144E-03 
 1.350E+00  1.910E-03  1.071E-03  1.169E-03 
 1.400E+00  1.927E-03  1.091E-03  1.192E-03 
 1.450E+00  1.942E-03  1.110E-03  1.214E-03 
 1.500E+00  1.956E-03  1.127E-03  1.234E-03 
 1.550E+00  1.968E-03  1.143E-03  1.253E-03 
 1.600E+00  1.979E-03  1.157E-03  1.270E-03 
 1.650E+00  1.989E-03  1.170E-03  1.286E-03 
 1.700E+00  1.998E-03  1.181E-03  1.301E-03 
 1.750E+00  2.006E-03  1.191E-03  1.314E-03 
 1.800E+00  2.014E-03  1.199E-03  1.325E-03 
 1.850E+00  2.021E-03  1.206E-03  1.336E-03 
 1.900E+00  2.028E-03  1.212E-03  1.345E-03 
 1.950E+00  2.034E-03  1.217E-03  1.352E-03 
 2.000E+00  2.040E-03  1.222E-03  1.359E-03 
 2.050E+00  2.045E-03  1.225E-03  1.364E-03 
 2.100E+00  2.050E-03  1.229E-03  1.369E-03 
 2.150E+00  2.055E-03  1.231E-03  1.372E-03 
 2.200E+00  2.059E-03  1.234E-03  1.376E-03 
 2.250E+00  2.064E-03  1.236E-03  1.378E-03 
 2.300E+00  2.068E-03  1.238E-03  1.381E-03 
 2.350E+00  2.071E-03  1.240E-03  1.383E-03 
 2.400E+00  2.075E-03  1.242E-03  1.385E-03 
 2.450E+00  2.078E-03  1.243E-03  1.386E-03 
 2.500E+00  2.082E-03  1.245E-03  1.388E-03 
 2.550E+00  2.085E-03  1.246E-03  1.389E-03 
 2.600E+00  2.088E-03  1.247E-03  1.390E-03 
 2.650E+00  2.091E-03  1.248E-03  1.391E-03 
 2.700E+00  2.094E-03  1.249E-03  1.392E-03 
 2.750E+00  2.097E-03  1.250E-03  1.393E-03 
 2.800E+00  2.099E-03  1.251E-03  1.394E-03 
 2.850E+00  2.102E-03  1.252E-03  1.394E-03 
 2.900E+00  2.104E-03  1.252E-03  1.395E-03 
 2.950E+00  2.107E-03  1.253E-03  1.396E-03 
 3.000E+00  2.109E-03  1.254E-03  1.396E-03 
 3.050E+00  2.111E-03  1.254E-03  1.397E-03 
 3.100E+00  2.113E-03  1.255E-03  1.397E-03 
 3.150E+00  2.115E-03  1.256E-03  1.398E-03 
 3.200E+00  2.117E-03  1.256E-03  1.398E-03 
 3.250E+00  2.119E-03  1.257E-03  1.399E-03 
 3.300E+00  2.121E-03  1.257E-03  1.399E-03 
 3.350E+00  2.123E-03  1.258E-03  1.400E-03 
 3.400E+00  2.125E-03  1.258E-03  1.400E-03 
 3.450E+00  2.127E-03  1.259E-03  1.400E-03 
 3.500E+00  2.129E-03  1.259E-03  1.401E-03 
 3.550E+00  2.130E-03  1.259E-03  1.401E-03 
 3.600E+00  2.132E-03  1.260E-03  1.401E-03 
 3.650E+00  2.134E-03  1.260E-03  1.402E-03 
 3.700E+00  2.135E-03  1.261E-03  1.402E-03 
 3.750E+00  2.137E-03  1.261E-03  1.402E-03 
 3.800E+00  2.138E-03  1.261E-03  1.403E-03 
 3.850E+00  2.140E-03  1.262E-03  1.403E-03 
 3.900E+00  2.141E-03  1.262E-03  1.403E-03 
 3.950E+00  2.143E-03  1.262E-03  1.404E-03 
 4.000E+00  2.145E-03  1.263E-03  1.404E-03 
 4.050E+00  2.146E-03  1.263E-03  1.404E-03 
 4.100E+00  2.147E-03  1.263E-03  1.404E-03 
 4.150E+00  2.149E-03  1.263E-03  1.405E-03 
 4.200E+00  2.150E-03  1.264E-03  1.405E-03 
 4.250E+00  2.152E-03  1.264E-03  1.405E-03 
 4.300E+00  2.154E-03  1.264E-03  1.405E-03 
 4.350E+00  2.155E-03  1.265E-03  1.406E-03 
 4.400E+00  2.157E-03  1.265E-03  1.406E-03 
 4.450E+00  2.158E-03  1.265E-03  1.406E-03 
 4.500E+00  2.160E-03  1.265E-03  1.406E-03 
 4.550E+00  2.162E-03  1.266E-03  1.406E-03 
 4.600E+00  2.164E-03  1.266E-03  1.407E-03 
 4.650E+00  2.165E-03  1.266E-03  1.407E-03 
 4.700E+00  2.167E-03  1.266E-03  1.407E-03 
 4.750E+00  2.170E-03  1.267E-03  1.407E-03 
 4.800E+00  2.172E-03  1.267E-03  1.407E-03 
 4.850E+00  2.174E-03  1.267E-03  1.408E-03 
 4.900E+00  2.177E-03  1.267E-03  1.408E-03 
 4.950E+00  2.180E-03  1.267E-03  1.408E-03 
 5.000E+00  2.183E-03  1.268E-03  1.408E-03 
