#format table ## [Custom WaveView] saved 21:17:27 Sun Oct 21 2018
XVAL id_short_L:vgs=0 id_long_L_3:vgs=0 id_long_L_6:vgs=0 
 0.000E+00 -0.000E+00 -0.000E+00 -0.000E+00 
 5.000E-02  1.172E-13  1.010E-13  1.013E-13 
 1.000E-01  2.199E-13  2.011E-13  2.014E-13 
 1.500E-01  3.212E-13  3.011E-13  3.014E-13 
 2.000E-01  4.222E-13  4.011E-13  4.014E-13 
 2.500E-01  5.231E-13  5.011E-13  5.015E-13 
 3.000E-01  6.239E-13  6.011E-13  6.015E-13 
 3.500E-01  7.247E-13  7.011E-13  7.015E-13 
 4.000E-01  8.254E-13  8.011E-13  8.015E-13 
 4.500E-01  9.261E-13  9.011E-13  9.015E-13 
 5.000E-01  1.027E-12  1.001E-12  1.001E-12 
 5.500E-01  1.127E-12  1.101E-12  1.101E-12 
 6.000E-01  1.228E-12  1.201E-12  1.201E-12 
 6.500E-01  1.329E-12  1.301E-12  1.301E-12 
 7.000E-01  1.429E-12  1.401E-12  1.401E-12 
 7.500E-01  1.530E-12  1.501E-12  1.501E-12 
 8.000E-01  1.631E-12  1.601E-12  1.602E-12 
 8.500E-01  1.731E-12  1.701E-12  1.702E-12 
 9.000E-01  1.832E-12  1.801E-12  1.802E-12 
 9.500E-01  1.933E-12  1.901E-12  1.902E-12 
 1.000E+00  2.033E-12  2.001E-12  2.002E-12 
 1.050E+00  2.134E-12  2.101E-12  2.102E-12 
 1.100E+00  2.235E-12  2.201E-12  2.202E-12 
 1.150E+00  2.335E-12  2.301E-12  2.302E-12 
 1.200E+00  2.436E-12  2.401E-12  2.402E-12 
 1.250E+00  2.537E-12  2.501E-12  2.502E-12 
 1.300E+00  2.637E-12  2.601E-12  2.602E-12 
 1.350E+00  2.738E-12  2.701E-12  2.702E-12 
 1.400E+00  2.839E-12  2.801E-12  2.802E-12 
 1.450E+00  2.939E-12  2.901E-12  2.902E-12 
 1.500E+00  3.040E-12  3.001E-12  3.002E-12 
 1.550E+00  3.141E-12  3.101E-12  3.102E-12 
 1.600E+00  3.242E-12  3.201E-12  3.202E-12 
 1.650E+00  3.342E-12  3.301E-12  3.302E-12 
 1.700E+00  3.443E-12  3.401E-12  3.402E-12 
 1.750E+00  3.544E-12  3.501E-12  3.502E-12 
 1.800E+00  3.645E-12  3.601E-12  3.602E-12 
 1.850E+00  3.745E-12  3.701E-12  3.702E-12 
 1.900E+00  3.846E-12  3.801E-12  3.802E-12 
 1.950E+00  3.947E-12  3.901E-12  3.902E-12 
 2.000E+00  4.048E-12  4.001E-12  4.002E-12 
 2.050E+00  4.149E-12  4.101E-12  4.102E-12 
 2.100E+00  4.250E-12  4.201E-12  4.202E-12 
 2.150E+00  4.351E-12  4.301E-12  4.302E-12 
 2.200E+00  4.451E-12  4.401E-12  4.402E-12 
 2.250E+00  4.552E-12  4.501E-12  4.502E-12 
 2.300E+00  4.653E-12  4.601E-12  4.602E-12 
 2.350E+00  4.754E-12  4.701E-12  4.702E-12 
 2.400E+00  4.855E-12  4.801E-12  4.802E-12 
 2.450E+00  4.956E-12  4.901E-12  4.902E-12 
 2.500E+00  5.057E-12  5.001E-12  5.002E-12 
 2.550E+00  5.158E-12  5.101E-12  5.102E-12 
 2.600E+00  5.259E-12  5.201E-12  5.202E-12 
 2.650E+00  5.360E-12  5.301E-12  5.302E-12 
 2.700E+00  5.461E-12  5.401E-12  5.402E-12 
 2.750E+00  5.562E-12  5.501E-12  5.502E-12 
 2.800E+00  5.663E-12  5.601E-12  5.602E-12 
 2.850E+00  5.764E-12  5.701E-12  5.702E-12 
 2.900E+00  5.866E-12  5.801E-12  5.802E-12 
 2.950E+00  5.967E-12  5.901E-12  5.902E-12 
 3.000E+00  6.068E-12  6.001E-12  6.002E-12 
 3.050E+00  6.169E-12  6.101E-12  6.102E-12 
 3.100E+00  6.270E-12  6.201E-12  6.202E-12 
 3.150E+00  6.372E-12  6.301E-12  6.302E-12 
 3.200E+00  6.473E-12  6.401E-12  6.402E-12 
 3.250E+00  6.574E-12  6.501E-12  6.502E-12 
 3.300E+00  6.675E-12  6.601E-12  6.602E-12 
 3.350E+00  6.777E-12  6.701E-12  6.702E-12 
 3.400E+00  6.878E-12  6.801E-12  6.802E-12 
 3.450E+00  6.979E-12  6.901E-12  6.902E-12 
 3.500E+00  7.081E-12  7.001E-12  7.002E-12 
 3.550E+00  7.182E-12  7.101E-12  7.102E-12 
 3.600E+00  7.284E-12  7.201E-12  7.202E-12 
 3.650E+00  7.385E-12  7.301E-12  7.302E-12 
 3.700E+00  7.486E-12  7.401E-12  7.402E-12 
 3.750E+00  7.588E-12  7.501E-12  7.502E-12 
 3.800E+00  7.690E-12  7.601E-12  7.602E-12 
 3.850E+00  7.791E-12  7.701E-12  7.702E-12 
 3.900E+00  7.893E-12  7.801E-12  7.802E-12 
 3.950E+00  7.994E-12  7.901E-12  7.902E-12 
 4.000E+00  8.096E-12  8.001E-12  8.002E-12 
 4.050E+00  8.198E-12  8.101E-12  8.102E-12 
 4.100E+00  8.300E-12  8.201E-12  8.202E-12 
 4.150E+00  8.402E-12  8.301E-12  8.302E-12 
 4.200E+00  8.503E-12  8.401E-12  8.402E-12 
 4.250E+00  8.605E-12  8.501E-12  8.502E-12 
 4.300E+00  8.707E-12  8.601E-12  8.602E-12 
 4.350E+00  8.809E-12  8.701E-12  8.702E-12 
 4.400E+00  8.911E-12  8.801E-12  8.802E-12 
 4.450E+00  9.014E-12  8.901E-12  8.902E-12 
 4.500E+00  9.116E-12  9.001E-12  9.002E-12 
 4.550E+00  9.218E-12  9.101E-12  9.102E-12 
 4.600E+00  9.321E-12  9.201E-12  9.202E-12 
 4.650E+00  9.423E-12  9.301E-12  9.302E-12 
 4.700E+00  9.526E-12  9.401E-12  9.402E-12 
 4.750E+00  9.628E-12  9.501E-12  9.502E-12 
 4.800E+00  9.731E-12  9.601E-12  9.602E-12 
 4.850E+00  9.834E-12  9.701E-12  9.702E-12 
 4.900E+00  9.937E-12  9.801E-12  9.802E-12 
 4.950E+00  1.004E-11  9.901E-12  9.902E-12 
 5.000E+00  1.014E-11  1.000E-11  1.000E-11 
