#format table ## [Custom WaveView] saved 20:54:50 Sun Oct 21 2018
XVAL id_long_L_3:vgs=0 id_long_L_3:vgs=1.66667 id_long_L_3:vgs=3.33333 id_long_L_3:vgs=5 
 0.000E+00 -0.000E+00 -0.000E+00 -0.000E+00 -0.000E+00 
 5.000E-02  1.010E-13  2.413E-05  5.785E-05  8.048E-05 
 1.000E-01  2.011E-13  4.665E-05  1.143E-04  1.598E-04 
 1.500E-01  3.011E-13  6.756E-05  1.693E-04  2.379E-04 
 2.000E-01  4.011E-13  8.685E-05  2.229E-04  3.148E-04 
 2.500E-01  5.011E-13  1.045E-04  2.751E-04  3.906E-04 
 3.000E-01  6.011E-13  1.206E-04  3.259E-04  4.652E-04 
 3.500E-01  7.011E-13  1.351E-04  3.753E-04  5.386E-04 
 4.000E-01  8.011E-13  1.480E-04  4.233E-04  6.109E-04 
 4.500E-01  9.011E-13  1.593E-04  4.699E-04  6.819E-04 
 5.000E-01  1.001E-12  1.690E-04  5.151E-04  7.518E-04 
 5.500E-01  1.101E-12  1.772E-04  5.588E-04  8.206E-04 
 6.000E-01  1.201E-12  1.839E-04  6.012E-04  8.881E-04 
 6.500E-01  1.301E-12  1.891E-04  6.422E-04  9.545E-04 
 7.000E-01  1.401E-12  1.931E-04  6.818E-04  1.020E-03 
 7.500E-01  1.501E-12  1.960E-04  7.200E-04  1.084E-03 
 8.000E-01  1.601E-12  1.981E-04  7.569E-04  1.147E-03 
 8.500E-01  1.701E-12  1.997E-04  7.923E-04  1.209E-03 
 9.000E-01  1.801E-12  2.009E-04  8.263E-04  1.269E-03 
 9.500E-01  1.901E-12  2.019E-04  8.590E-04  1.329E-03 
 1.000E+00  2.001E-12  2.027E-04  8.903E-04  1.387E-03 
 1.050E+00  2.101E-12  2.034E-04  9.202E-04  1.444E-03 
 1.100E+00  2.201E-12  2.039E-04  9.487E-04  1.500E-03 
 1.150E+00  2.301E-12  2.044E-04  9.758E-04  1.555E-03 
 1.200E+00  2.401E-12  2.049E-04  1.002E-03  1.608E-03 
 1.250E+00  2.501E-12  2.053E-04  1.026E-03  1.661E-03 
 1.300E+00  2.601E-12  2.056E-04  1.049E-03  1.712E-03 
 1.350E+00  2.701E-12  2.059E-04  1.071E-03  1.762E-03 
 1.400E+00  2.801E-12  2.062E-04  1.091E-03  1.811E-03 
 1.450E+00  2.901E-12  2.065E-04  1.110E-03  1.859E-03 
 1.500E+00  3.001E-12  2.067E-04  1.127E-03  1.906E-03 
 1.550E+00  3.101E-12  2.069E-04  1.143E-03  1.952E-03 
 1.600E+00  3.201E-12  2.071E-04  1.157E-03  1.996E-03 
 1.650E+00  3.301E-12  2.073E-04  1.170E-03  2.039E-03 
 1.700E+00  3.401E-12  2.075E-04  1.181E-03  2.082E-03 
 1.750E+00  3.501E-12  2.077E-04  1.191E-03  2.123E-03 
 1.800E+00  3.601E-12  2.078E-04  1.199E-03  2.162E-03 
 1.850E+00  3.701E-12  2.080E-04  1.206E-03  2.201E-03 
 1.900E+00  3.801E-12  2.081E-04  1.212E-03  2.239E-03 
 1.950E+00  3.901E-12  2.082E-04  1.217E-03  2.275E-03 
 2.000E+00  4.001E-12  2.084E-04  1.222E-03  2.310E-03 
 2.050E+00  4.101E-12  2.085E-04  1.225E-03  2.345E-03 
 2.100E+00  4.201E-12  2.086E-04  1.229E-03  2.377E-03 
 2.150E+00  4.301E-12  2.087E-04  1.231E-03  2.409E-03 
 2.200E+00  4.401E-12  2.088E-04  1.234E-03  2.440E-03 
 2.250E+00  4.501E-12  2.090E-04  1.236E-03  2.469E-03 
 2.300E+00  4.601E-12  2.091E-04  1.238E-03  2.497E-03 
 2.350E+00  4.701E-12  2.092E-04  1.240E-03  2.523E-03 
 2.400E+00  4.801E-12  2.093E-04  1.242E-03  2.549E-03 
 2.450E+00  4.901E-12  2.093E-04  1.243E-03  2.572E-03 
 2.500E+00  5.001E-12  2.094E-04  1.245E-03  2.594E-03 
 2.550E+00  5.101E-12  2.095E-04  1.246E-03  2.614E-03 
 2.600E+00  5.201E-12  2.096E-04  1.247E-03  2.632E-03 
 2.650E+00  5.301E-12  2.097E-04  1.248E-03  2.649E-03 
 2.700E+00  5.401E-12  2.098E-04  1.249E-03  2.663E-03 
 2.750E+00  5.501E-12  2.099E-04  1.250E-03  2.676E-03 
 2.800E+00  5.601E-12  2.099E-04  1.251E-03  2.687E-03 
 2.850E+00  5.701E-12  2.100E-04  1.252E-03  2.696E-03 
 2.900E+00  5.801E-12  2.101E-04  1.252E-03  2.705E-03 
 2.950E+00  5.901E-12  2.102E-04  1.253E-03  2.712E-03 
 3.000E+00  6.001E-12  2.103E-04  1.254E-03  2.719E-03 
 3.050E+00  6.101E-12  2.103E-04  1.254E-03  2.725E-03 
 3.100E+00  6.201E-12  2.104E-04  1.255E-03  2.730E-03 
 3.150E+00  6.301E-12  2.105E-04  1.256E-03  2.735E-03 
 3.200E+00  6.401E-12  2.105E-04  1.256E-03  2.739E-03 
 3.250E+00  6.501E-12  2.106E-04  1.257E-03  2.743E-03 
 3.300E+00  6.601E-12  2.107E-04  1.257E-03  2.746E-03 
 3.350E+00  6.701E-12  2.107E-04  1.258E-03  2.749E-03 
 3.400E+00  6.801E-12  2.108E-04  1.258E-03  2.752E-03 
 3.450E+00  6.901E-12  2.109E-04  1.259E-03  2.755E-03 
 3.500E+00  7.001E-12  2.109E-04  1.259E-03  2.758E-03 
 3.550E+00  7.101E-12  2.110E-04  1.259E-03  2.760E-03 
 3.600E+00  7.201E-12  2.111E-04  1.260E-03  2.762E-03 
 3.650E+00  7.301E-12  2.111E-04  1.260E-03  2.764E-03 
 3.700E+00  7.401E-12  2.112E-04  1.261E-03  2.766E-03 
 3.750E+00  7.501E-12  2.113E-04  1.261E-03  2.768E-03 
 3.800E+00  7.601E-12  2.113E-04  1.261E-03  2.769E-03 
 3.850E+00  7.701E-12  2.114E-04  1.262E-03  2.771E-03 
 3.900E+00  7.801E-12  2.114E-04  1.262E-03  2.773E-03 
 3.950E+00  7.901E-12  2.115E-04  1.262E-03  2.774E-03 
 4.000E+00  8.001E-12  2.116E-04  1.263E-03  2.775E-03 
 4.050E+00  8.101E-12  2.116E-04  1.263E-03  2.777E-03 
 4.100E+00  8.201E-12  2.117E-04  1.263E-03  2.778E-03 
 4.150E+00  8.301E-12  2.118E-04  1.263E-03  2.779E-03 
 4.200E+00  8.401E-12  2.118E-04  1.264E-03  2.780E-03 
 4.250E+00  8.501E-12  2.119E-04  1.264E-03  2.781E-03 
 4.300E+00  8.601E-12  2.119E-04  1.264E-03  2.782E-03 
 4.350E+00  8.701E-12  2.120E-04  1.265E-03  2.783E-03 
 4.400E+00  8.801E-12  2.121E-04  1.265E-03  2.784E-03 
 4.450E+00  8.901E-12  2.122E-04  1.265E-03  2.785E-03 
 4.500E+00  9.001E-12  2.122E-04  1.265E-03  2.786E-03 
 4.550E+00  9.101E-12  2.123E-04  1.266E-03  2.786E-03 
 4.600E+00  9.201E-12  2.124E-04  1.266E-03  2.787E-03 
 4.650E+00  9.301E-12  2.125E-04  1.266E-03  2.788E-03 
 4.700E+00  9.401E-12  2.126E-04  1.266E-03  2.789E-03 
 4.750E+00  9.501E-12  2.127E-04  1.267E-03  2.789E-03 
 4.800E+00  9.601E-12  2.127E-04  1.267E-03  2.790E-03 
 4.850E+00  9.701E-12  2.128E-04  1.267E-03  2.791E-03 
 4.900E+00  9.801E-12  2.130E-04  1.267E-03  2.791E-03 
 4.950E+00  9.901E-12  2.131E-04  1.267E-03  2.792E-03 
 5.000E+00  1.000E-11  2.132E-04  1.268E-03  2.793E-03 
