#format table ## [Custom WaveView] saved 21:01:52 Sun Oct 21 2018
XVAL id_long_L_6:vgs=0 id_long_L_6:vgs=1.66667 id_long_L_6:vgs=3.33333 id_long_L_6:vgs=5 
 0.000E+00 -0.000E+00 -0.000E+00 -0.000E+00 -0.000E+00 
 5.000E-02  1.013E-13  2.518E-05  6.215E-05  8.881E-05 
 1.000E-01  2.014E-13  4.873E-05  1.228E-04  1.764E-04 
 1.500E-01  3.014E-13  7.066E-05  1.821E-04  2.627E-04 
 2.000E-01  4.014E-13  9.096E-05  2.399E-04  3.478E-04 
 2.500E-01  5.015E-13  1.096E-04  2.962E-04  4.317E-04 
 3.000E-01  6.015E-13  1.267E-04  3.510E-04  5.143E-04 
 3.500E-01  7.015E-13  1.421E-04  4.044E-04  5.956E-04 
 4.000E-01  8.015E-13  1.560E-04  4.564E-04  6.758E-04 
 4.500E-01  9.015E-13  1.682E-04  5.069E-04  7.547E-04 
 5.000E-01  1.001E-12  1.788E-04  5.559E-04  8.323E-04 
 5.500E-01  1.101E-12  1.878E-04  6.035E-04  9.088E-04 
 6.000E-01  1.201E-12  1.953E-04  6.497E-04  9.840E-04 
 6.500E-01  1.301E-12  2.012E-04  6.944E-04  1.058E-03 
 7.000E-01  1.401E-12  2.057E-04  7.377E-04  1.131E-03 
 7.500E-01  1.501E-12  2.090E-04  7.795E-04  1.202E-03 
 8.000E-01  1.602E-12  2.112E-04  8.198E-04  1.272E-03 
 8.500E-01  1.702E-12  2.127E-04  8.588E-04  1.341E-03 
 9.000E-01  1.802E-12  2.138E-04  8.962E-04  1.409E-03 
 9.500E-01  1.902E-12  2.146E-04  9.323E-04  1.476E-03 
 1.000E+00  2.002E-12  2.153E-04  9.669E-04  1.541E-03 
 1.050E+00  2.102E-12  2.158E-04  1.000E-03  1.605E-03 
 1.100E+00  2.202E-12  2.162E-04  1.032E-03  1.668E-03 
 1.150E+00  2.302E-12  2.165E-04  1.062E-03  1.730E-03 
 1.200E+00  2.402E-12  2.168E-04  1.091E-03  1.790E-03 
 1.250E+00  2.502E-12  2.171E-04  1.118E-03  1.850E-03 
 1.300E+00  2.602E-12  2.173E-04  1.144E-03  1.908E-03 
 1.350E+00  2.702E-12  2.175E-04  1.169E-03  1.964E-03 
 1.400E+00  2.802E-12  2.177E-04  1.192E-03  2.020E-03 
 1.450E+00  2.902E-12  2.179E-04  1.214E-03  2.074E-03 
 1.500E+00  3.002E-12  2.181E-04  1.234E-03  2.127E-03 
 1.550E+00  3.102E-12  2.182E-04  1.253E-03  2.179E-03 
 1.600E+00  3.202E-12  2.184E-04  1.270E-03  2.230E-03 
 1.650E+00  3.302E-12  2.185E-04  1.286E-03  2.279E-03 
 1.700E+00  3.402E-12  2.186E-04  1.301E-03  2.328E-03 
 1.750E+00  3.502E-12  2.187E-04  1.314E-03  2.375E-03 
 1.800E+00  3.602E-12  2.188E-04  1.325E-03  2.420E-03 
 1.850E+00  3.702E-12  2.189E-04  1.336E-03  2.465E-03 
 1.900E+00  3.802E-12  2.191E-04  1.345E-03  2.508E-03 
 1.950E+00  3.902E-12  2.191E-04  1.352E-03  2.551E-03 
 2.000E+00  4.002E-12  2.192E-04  1.359E-03  2.591E-03 
 2.050E+00  4.102E-12  2.193E-04  1.364E-03  2.631E-03 
 2.100E+00  4.202E-12  2.194E-04  1.369E-03  2.670E-03 
 2.150E+00  4.302E-12  2.195E-04  1.372E-03  2.707E-03 
 2.200E+00  4.402E-12  2.196E-04  1.376E-03  2.743E-03 
 2.250E+00  4.502E-12  2.197E-04  1.378E-03  2.778E-03 
 2.300E+00  4.602E-12  2.197E-04  1.381E-03  2.812E-03 
 2.350E+00  4.702E-12  2.198E-04  1.383E-03  2.844E-03 
 2.400E+00  4.802E-12  2.199E-04  1.385E-03  2.875E-03 
 2.450E+00  4.902E-12  2.200E-04  1.386E-03  2.905E-03 
 2.500E+00  5.002E-12  2.200E-04  1.388E-03  2.934E-03 
 2.550E+00  5.102E-12  2.201E-04  1.389E-03  2.962E-03 
 2.600E+00  5.202E-12  2.202E-04  1.390E-03  2.988E-03 
 2.650E+00  5.302E-12  2.203E-04  1.391E-03  3.013E-03 
 2.700E+00  5.402E-12  2.203E-04  1.392E-03  3.037E-03 
 2.750E+00  5.502E-12  2.204E-04  1.393E-03  3.059E-03 
 2.800E+00  5.602E-12  2.205E-04  1.394E-03  3.081E-03 
 2.850E+00  5.702E-12  2.205E-04  1.394E-03  3.101E-03 
 2.900E+00  5.802E-12  2.206E-04  1.395E-03  3.119E-03 
 2.950E+00  5.902E-12  2.206E-04  1.396E-03  3.136E-03 
 3.000E+00  6.002E-12  2.207E-04  1.396E-03  3.152E-03 
 3.050E+00  6.102E-12  2.208E-04  1.397E-03  3.166E-03 
 3.100E+00  6.202E-12  2.208E-04  1.397E-03  3.179E-03 
 3.150E+00  6.302E-12  2.209E-04  1.398E-03  3.190E-03 
 3.200E+00  6.402E-12  2.209E-04  1.398E-03  3.200E-03 
 3.250E+00  6.502E-12  2.210E-04  1.399E-03  3.209E-03 
 3.300E+00  6.602E-12  2.211E-04  1.399E-03  3.217E-03 
 3.350E+00  6.702E-12  2.211E-04  1.400E-03  3.223E-03 
 3.400E+00  6.802E-12  2.212E-04  1.400E-03  3.229E-03 
 3.450E+00  6.902E-12  2.212E-04  1.400E-03  3.234E-03 
 3.500E+00  7.002E-12  2.213E-04  1.401E-03  3.239E-03 
 3.550E+00  7.102E-12  2.213E-04  1.401E-03  3.243E-03 
 3.600E+00  7.202E-12  2.214E-04  1.401E-03  3.247E-03 
 3.650E+00  7.302E-12  2.215E-04  1.402E-03  3.250E-03 
 3.700E+00  7.402E-12  2.215E-04  1.402E-03  3.253E-03 
 3.750E+00  7.502E-12  2.216E-04  1.402E-03  3.255E-03 
 3.800E+00  7.602E-12  2.216E-04  1.403E-03  3.258E-03 
 3.850E+00  7.702E-12  2.217E-04  1.403E-03  3.260E-03 
 3.900E+00  7.802E-12  2.217E-04  1.403E-03  3.262E-03 
 3.950E+00  7.902E-12  2.218E-04  1.404E-03  3.264E-03 
 4.000E+00  8.002E-12  2.218E-04  1.404E-03  3.266E-03 
 4.050E+00  8.102E-12  2.219E-04  1.404E-03  3.267E-03 
 4.100E+00  8.202E-12  2.220E-04  1.404E-03  3.269E-03 
 4.150E+00  8.302E-12  2.220E-04  1.405E-03  3.270E-03 
 4.200E+00  8.402E-12  2.221E-04  1.405E-03  3.272E-03 
 4.250E+00  8.502E-12  2.221E-04  1.405E-03  3.273E-03 
 4.300E+00  8.602E-12  2.222E-04  1.405E-03  3.274E-03 
 4.350E+00  8.702E-12  2.222E-04  1.406E-03  3.275E-03 
 4.400E+00  8.802E-12  2.223E-04  1.406E-03  3.276E-03 
 4.450E+00  8.902E-12  2.224E-04  1.406E-03  3.277E-03 
 4.500E+00  9.002E-12  2.224E-04  1.406E-03  3.278E-03 
 4.550E+00  9.102E-12  2.225E-04  1.406E-03  3.279E-03 
 4.600E+00  9.202E-12  2.225E-04  1.407E-03  3.280E-03 
 4.650E+00  9.302E-12  2.226E-04  1.407E-03  3.281E-03 
 4.700E+00  9.402E-12  2.227E-04  1.407E-03  3.281E-03 
 4.750E+00  9.502E-12  2.227E-04  1.407E-03  3.282E-03 
 4.800E+00  9.602E-12  2.228E-04  1.407E-03  3.283E-03 
 4.850E+00  9.702E-12  2.229E-04  1.408E-03  3.284E-03 
 4.900E+00  9.802E-12  2.230E-04  1.408E-03  3.284E-03 
 4.950E+00  9.902E-12  2.230E-04  1.408E-03  3.285E-03 
 5.000E+00  1.000E-11  2.231E-04  1.408E-03  3.286E-03 
