#format table ## [Custom WaveView] saved 21:01:40 Sun Oct 21 2018
XVAL id_short_L:vgs=0 id_short_L:vgs=1.66667 id_short_L:vgs=3.33333 id_short_L:vgs=5 
 0.000E+00 -0.000E+00 -0.000E+00 -0.000E+00 -0.000E+00 
 5.000E-02  1.172E-13  6.112E-05  1.117E-04  1.332E-04 
 1.000E-01  2.199E-13  1.183E-04  2.205E-04  2.643E-04 
 1.500E-01  3.212E-13  1.714E-04  3.264E-04  3.933E-04 
 2.000E-01  4.222E-13  2.207E-04  4.295E-04  5.203E-04 
 2.500E-01  5.231E-13  2.661E-04  5.298E-04  6.451E-04 
 3.000E-01  6.239E-13  3.076E-04  6.272E-04  7.679E-04 
 3.500E-01  7.247E-13  3.453E-04  7.218E-04  8.886E-04 
 4.000E-01  8.254E-13  3.792E-04  8.137E-04  1.007E-03 
 4.500E-01  9.261E-13  4.092E-04  9.027E-04  1.124E-03 
 5.000E-01  1.027E-12  4.353E-04  9.890E-04  1.239E-03 
 5.500E-01  1.127E-12  4.574E-04  1.072E-03  1.351E-03 
 6.000E-01  1.228E-12  4.757E-04  1.153E-03  1.462E-03 
 6.500E-01  1.329E-12  4.907E-04  1.231E-03  1.570E-03 
 7.000E-01  1.429E-12  5.029E-04  1.306E-03  1.676E-03 
 7.500E-01  1.530E-12  5.132E-04  1.379E-03  1.781E-03 
 8.000E-01  1.631E-12  5.218E-04  1.448E-03  1.883E-03 
 8.500E-01  1.731E-12  5.291E-04  1.514E-03  1.983E-03 
 9.000E-01  1.832E-12  5.355E-04  1.576E-03  2.082E-03 
 9.500E-01  1.933E-12  5.411E-04  1.635E-03  2.178E-03 
 1.000E+00  2.033E-12  5.461E-04  1.688E-03  2.272E-03 
 1.050E+00  2.134E-12  5.505E-04  1.735E-03  2.364E-03 
 1.100E+00  2.235E-12  5.545E-04  1.776E-03  2.454E-03 
 1.150E+00  2.335E-12  5.581E-04  1.812E-03  2.542E-03 
 1.200E+00  2.436E-12  5.614E-04  1.842E-03  2.628E-03 
 1.250E+00  2.537E-12  5.645E-04  1.868E-03  2.711E-03 
 1.300E+00  2.637E-12  5.673E-04  1.890E-03  2.791E-03 
 1.350E+00  2.738E-12  5.699E-04  1.910E-03  2.867E-03 
 1.400E+00  2.839E-12  5.723E-04  1.927E-03  2.939E-03 
 1.450E+00  2.939E-12  5.746E-04  1.942E-03  3.006E-03 
 1.500E+00  3.040E-12  5.768E-04  1.956E-03  3.067E-03 
 1.550E+00  3.141E-12  5.788E-04  1.968E-03  3.122E-03 
 1.600E+00  3.242E-12  5.807E-04  1.979E-03  3.170E-03 
 1.650E+00  3.342E-12  5.825E-04  1.989E-03  3.212E-03 
 1.700E+00  3.443E-12  5.843E-04  1.998E-03  3.249E-03 
 1.750E+00  3.544E-12  5.859E-04  2.006E-03  3.282E-03 
 1.800E+00  3.645E-12  5.875E-04  2.014E-03  3.311E-03 
 1.850E+00  3.745E-12  5.891E-04  2.021E-03  3.336E-03 
 1.900E+00  3.846E-12  5.905E-04  2.028E-03  3.359E-03 
 1.950E+00  3.947E-12  5.920E-04  2.034E-03  3.380E-03 
 2.000E+00  4.048E-12  5.933E-04  2.040E-03  3.398E-03 
 2.050E+00  4.149E-12  5.947E-04  2.045E-03  3.415E-03 
 2.100E+00  4.250E-12  5.959E-04  2.050E-03  3.431E-03 
 2.150E+00  4.351E-12  5.972E-04  2.055E-03  3.445E-03 
 2.200E+00  4.451E-12  5.984E-04  2.059E-03  3.458E-03 
 2.250E+00  4.552E-12  5.996E-04  2.064E-03  3.470E-03 
 2.300E+00  4.653E-12  6.007E-04  2.068E-03  3.481E-03 
 2.350E+00  4.754E-12  6.019E-04  2.071E-03  3.491E-03 
 2.400E+00  4.855E-12  6.030E-04  2.075E-03  3.501E-03 
 2.450E+00  4.956E-12  6.040E-04  2.078E-03  3.510E-03 
 2.500E+00  5.057E-12  6.051E-04  2.082E-03  3.518E-03 
 2.550E+00  5.158E-12  6.061E-04  2.085E-03  3.526E-03 
 2.600E+00  5.259E-12  6.071E-04  2.088E-03  3.534E-03 
 2.650E+00  5.360E-12  6.081E-04  2.091E-03  3.541E-03 
 2.700E+00  5.461E-12  6.091E-04  2.094E-03  3.547E-03 
 2.750E+00  5.562E-12  6.100E-04  2.097E-03  3.554E-03 
 2.800E+00  5.663E-12  6.110E-04  2.099E-03  3.559E-03 
 2.850E+00  5.764E-12  6.119E-04  2.102E-03  3.565E-03 
 2.900E+00  5.866E-12  6.128E-04  2.104E-03  3.571E-03 
 2.950E+00  5.967E-12  6.137E-04  2.107E-03  3.576E-03 
 3.000E+00  6.068E-12  6.146E-04  2.109E-03  3.581E-03 
 3.050E+00  6.169E-12  6.155E-04  2.111E-03  3.585E-03 
 3.100E+00  6.270E-12  6.163E-04  2.113E-03  3.590E-03 
 3.150E+00  6.372E-12  6.172E-04  2.115E-03  3.594E-03 
 3.200E+00  6.473E-12  6.180E-04  2.117E-03  3.598E-03 
 3.250E+00  6.574E-12  6.189E-04  2.119E-03  3.602E-03 
 3.300E+00  6.675E-12  6.197E-04  2.121E-03  3.606E-03 
 3.350E+00  6.777E-12  6.205E-04  2.123E-03  3.610E-03 
 3.400E+00  6.878E-12  6.214E-04  2.125E-03  3.614E-03 
 3.450E+00  6.979E-12  6.222E-04  2.127E-03  3.617E-03 
 3.500E+00  7.081E-12  6.230E-04  2.129E-03  3.620E-03 
 3.550E+00  7.182E-12  6.238E-04  2.130E-03  3.624E-03 
 3.600E+00  7.284E-12  6.246E-04  2.132E-03  3.627E-03 
 3.650E+00  7.385E-12  6.254E-04  2.134E-03  3.630E-03 
 3.700E+00  7.486E-12  6.262E-04  2.135E-03  3.633E-03 
 3.750E+00  7.588E-12  6.270E-04  2.137E-03  3.636E-03 
 3.800E+00  7.690E-12  6.278E-04  2.138E-03  3.638E-03 
 3.850E+00  7.791E-12  6.286E-04  2.140E-03  3.641E-03 
 3.900E+00  7.893E-12  6.295E-04  2.141E-03  3.644E-03 
 3.950E+00  7.994E-12  6.303E-04  2.143E-03  3.646E-03 
 4.000E+00  8.096E-12  6.312E-04  2.145E-03  3.649E-03 
 4.050E+00  8.198E-12  6.320E-04  2.146E-03  3.651E-03 
 4.100E+00  8.300E-12  6.329E-04  2.147E-03  3.654E-03 
 4.150E+00  8.402E-12  6.338E-04  2.149E-03  3.656E-03 
 4.200E+00  8.503E-12  6.348E-04  2.150E-03  3.658E-03 
 4.250E+00  8.605E-12  6.357E-04  2.152E-03  3.661E-03 
 4.300E+00  8.707E-12  6.367E-04  2.154E-03  3.663E-03 
 4.350E+00  8.809E-12  6.378E-04  2.155E-03  3.665E-03 
 4.400E+00  8.911E-12  6.389E-04  2.157E-03  3.667E-03 
 4.450E+00  9.014E-12  6.401E-04  2.158E-03  3.669E-03 
 4.500E+00  9.116E-12  6.413E-04  2.160E-03  3.672E-03 
 4.550E+00  9.218E-12  6.426E-04  2.162E-03  3.674E-03 
 4.600E+00  9.321E-12  6.439E-04  2.164E-03  3.676E-03 
 4.650E+00  9.423E-12  6.454E-04  2.165E-03  3.678E-03 
 4.700E+00  9.526E-12  6.470E-04  2.167E-03  3.680E-03 
 4.750E+00  9.628E-12  6.486E-04  2.170E-03  3.682E-03 
 4.800E+00  9.731E-12  6.504E-04  2.172E-03  3.684E-03 
 4.850E+00  9.834E-12  6.523E-04  2.174E-03  3.687E-03 
 4.900E+00  9.937E-12  6.543E-04  2.177E-03  3.689E-03 
 4.950E+00  1.004E-11  6.565E-04  2.180E-03  3.692E-03 
 5.000E+00  1.014E-11  6.589E-04  2.183E-03  3.694E-03 
