#format table ## [Custom WaveView] saved 21:17:16 Sun Oct 21 2018
XVAL id_short_L:vgs=1.66667 id_long_L_3:vgs=1.66667 id_long_L_6:vgs=1.66667 
 0.000E+00 -0.000E+00 -0.000E+00 -0.000E+00 
 5.000E-02  6.112E-05  2.413E-05  2.518E-05 
 1.000E-01  1.183E-04  4.665E-05  4.873E-05 
 1.500E-01  1.714E-04  6.756E-05  7.066E-05 
 2.000E-01  2.207E-04  8.685E-05  9.096E-05 
 2.500E-01  2.661E-04  1.045E-04  1.096E-04 
 3.000E-01  3.076E-04  1.206E-04  1.267E-04 
 3.500E-01  3.453E-04  1.351E-04  1.421E-04 
 4.000E-01  3.792E-04  1.480E-04  1.560E-04 
 4.500E-01  4.092E-04  1.593E-04  1.682E-04 
 5.000E-01  4.353E-04  1.690E-04  1.788E-04 
 5.500E-01  4.574E-04  1.772E-04  1.878E-04 
 6.000E-01  4.757E-04  1.839E-04  1.953E-04 
 6.500E-01  4.907E-04  1.891E-04  2.012E-04 
 7.000E-01  5.029E-04  1.931E-04  2.057E-04 
 7.500E-01  5.132E-04  1.960E-04  2.090E-04 
 8.000E-01  5.218E-04  1.981E-04  2.112E-04 
 8.500E-01  5.291E-04  1.997E-04  2.127E-04 
 9.000E-01  5.355E-04  2.009E-04  2.138E-04 
 9.500E-01  5.411E-04  2.019E-04  2.146E-04 
 1.000E+00  5.461E-04  2.027E-04  2.153E-04 
 1.050E+00  5.505E-04  2.034E-04  2.158E-04 
 1.100E+00  5.545E-04  2.039E-04  2.162E-04 
 1.150E+00  5.581E-04  2.044E-04  2.165E-04 
 1.200E+00  5.614E-04  2.049E-04  2.168E-04 
 1.250E+00  5.645E-04  2.053E-04  2.171E-04 
 1.300E+00  5.673E-04  2.056E-04  2.173E-04 
 1.350E+00  5.699E-04  2.059E-04  2.175E-04 
 1.400E+00  5.723E-04  2.062E-04  2.177E-04 
 1.450E+00  5.746E-04  2.065E-04  2.179E-04 
 1.500E+00  5.768E-04  2.067E-04  2.181E-04 
 1.550E+00  5.788E-04  2.069E-04  2.182E-04 
 1.600E+00  5.807E-04  2.071E-04  2.184E-04 
 1.650E+00  5.825E-04  2.073E-04  2.185E-04 
 1.700E+00  5.843E-04  2.075E-04  2.186E-04 
 1.750E+00  5.859E-04  2.077E-04  2.187E-04 
 1.800E+00  5.875E-04  2.078E-04  2.188E-04 
 1.850E+00  5.891E-04  2.080E-04  2.189E-04 
 1.900E+00  5.905E-04  2.081E-04  2.191E-04 
 1.950E+00  5.920E-04  2.082E-04  2.191E-04 
 2.000E+00  5.933E-04  2.084E-04  2.192E-04 
 2.050E+00  5.947E-04  2.085E-04  2.193E-04 
 2.100E+00  5.959E-04  2.086E-04  2.194E-04 
 2.150E+00  5.972E-04  2.087E-04  2.195E-04 
 2.200E+00  5.984E-04  2.088E-04  2.196E-04 
 2.250E+00  5.996E-04  2.090E-04  2.197E-04 
 2.300E+00  6.007E-04  2.091E-04  2.197E-04 
 2.350E+00  6.019E-04  2.092E-04  2.198E-04 
 2.400E+00  6.030E-04  2.093E-04  2.199E-04 
 2.450E+00  6.040E-04  2.093E-04  2.200E-04 
 2.500E+00  6.051E-04  2.094E-04  2.200E-04 
 2.550E+00  6.061E-04  2.095E-04  2.201E-04 
 2.600E+00  6.071E-04  2.096E-04  2.202E-04 
 2.650E+00  6.081E-04  2.097E-04  2.203E-04 
 2.700E+00  6.091E-04  2.098E-04  2.203E-04 
 2.750E+00  6.100E-04  2.099E-04  2.204E-04 
 2.800E+00  6.110E-04  2.099E-04  2.205E-04 
 2.850E+00  6.119E-04  2.100E-04  2.205E-04 
 2.900E+00  6.128E-04  2.101E-04  2.206E-04 
 2.950E+00  6.137E-04  2.102E-04  2.206E-04 
 3.000E+00  6.146E-04  2.103E-04  2.207E-04 
 3.050E+00  6.155E-04  2.103E-04  2.208E-04 
 3.100E+00  6.163E-04  2.104E-04  2.208E-04 
 3.150E+00  6.172E-04  2.105E-04  2.209E-04 
 3.200E+00  6.180E-04  2.105E-04  2.209E-04 
 3.250E+00  6.189E-04  2.106E-04  2.210E-04 
 3.300E+00  6.197E-04  2.107E-04  2.211E-04 
 3.350E+00  6.205E-04  2.107E-04  2.211E-04 
 3.400E+00  6.214E-04  2.108E-04  2.212E-04 
 3.450E+00  6.222E-04  2.109E-04  2.212E-04 
 3.500E+00  6.230E-04  2.109E-04  2.213E-04 
 3.550E+00  6.238E-04  2.110E-04  2.213E-04 
 3.600E+00  6.246E-04  2.111E-04  2.214E-04 
 3.650E+00  6.254E-04  2.111E-04  2.215E-04 
 3.700E+00  6.262E-04  2.112E-04  2.215E-04 
 3.750E+00  6.270E-04  2.113E-04  2.216E-04 
 3.800E+00  6.278E-04  2.113E-04  2.216E-04 
 3.850E+00  6.286E-04  2.114E-04  2.217E-04 
 3.900E+00  6.295E-04  2.114E-04  2.217E-04 
 3.950E+00  6.303E-04  2.115E-04  2.218E-04 
 4.000E+00  6.312E-04  2.116E-04  2.218E-04 
 4.050E+00  6.320E-04  2.116E-04  2.219E-04 
 4.100E+00  6.329E-04  2.117E-04  2.220E-04 
 4.150E+00  6.338E-04  2.118E-04  2.220E-04 
 4.200E+00  6.348E-04  2.118E-04  2.221E-04 
 4.250E+00  6.357E-04  2.119E-04  2.221E-04 
 4.300E+00  6.367E-04  2.119E-04  2.222E-04 
 4.350E+00  6.378E-04  2.120E-04  2.222E-04 
 4.400E+00  6.389E-04  2.121E-04  2.223E-04 
 4.450E+00  6.401E-04  2.122E-04  2.224E-04 
 4.500E+00  6.413E-04  2.122E-04  2.224E-04 
 4.550E+00  6.426E-04  2.123E-04  2.225E-04 
 4.600E+00  6.439E-04  2.124E-04  2.225E-04 
 4.650E+00  6.454E-04  2.125E-04  2.226E-04 
 4.700E+00  6.470E-04  2.126E-04  2.227E-04 
 4.750E+00  6.486E-04  2.127E-04  2.227E-04 
 4.800E+00  6.504E-04  2.127E-04  2.228E-04 
 4.850E+00  6.523E-04  2.128E-04  2.229E-04 
 4.900E+00  6.543E-04  2.130E-04  2.230E-04 
 4.950E+00  6.565E-04  2.131E-04  2.230E-04 
 5.000E+00  6.589E-04  2.132E-04  2.231E-04 
