#format table ## [Custom WaveView] saved 21:16:53 Sun Oct 21 2018
XVAL id_short_L:vgs=5 id_long_L_3:vgs=5 id_long_L_6:vgs=5 
 0.000E+00 -0.000E+00 -0.000E+00 -0.000E+00 
 5.000E-02  1.332E-04  8.048E-05  8.881E-05 
 1.000E-01  2.643E-04  1.598E-04  1.764E-04 
 1.500E-01  3.933E-04  2.379E-04  2.627E-04 
 2.000E-01  5.203E-04  3.148E-04  3.478E-04 
 2.500E-01  6.451E-04  3.906E-04  4.317E-04 
 3.000E-01  7.679E-04  4.652E-04  5.143E-04 
 3.500E-01  8.886E-04  5.386E-04  5.956E-04 
 4.000E-01  1.007E-03  6.109E-04  6.758E-04 
 4.500E-01  1.124E-03  6.819E-04  7.547E-04 
 5.000E-01  1.239E-03  7.518E-04  8.323E-04 
 5.500E-01  1.351E-03  8.206E-04  9.088E-04 
 6.000E-01  1.462E-03  8.881E-04  9.840E-04 
 6.500E-01  1.570E-03  9.545E-04  1.058E-03 
 7.000E-01  1.676E-03  1.020E-03  1.131E-03 
 7.500E-01  1.781E-03  1.084E-03  1.202E-03 
 8.000E-01  1.883E-03  1.147E-03  1.272E-03 
 8.500E-01  1.983E-03  1.209E-03  1.341E-03 
 9.000E-01  2.082E-03  1.269E-03  1.409E-03 
 9.500E-01  2.178E-03  1.329E-03  1.476E-03 
 1.000E+00  2.272E-03  1.387E-03  1.541E-03 
 1.050E+00  2.364E-03  1.444E-03  1.605E-03 
 1.100E+00  2.454E-03  1.500E-03  1.668E-03 
 1.150E+00  2.542E-03  1.555E-03  1.730E-03 
 1.200E+00  2.628E-03  1.608E-03  1.790E-03 
 1.250E+00  2.711E-03  1.661E-03  1.850E-03 
 1.300E+00  2.791E-03  1.712E-03  1.908E-03 
 1.350E+00  2.867E-03  1.762E-03  1.964E-03 
 1.400E+00  2.939E-03  1.811E-03  2.020E-03 
 1.450E+00  3.006E-03  1.859E-03  2.074E-03 
 1.500E+00  3.067E-03  1.906E-03  2.127E-03 
 1.550E+00  3.122E-03  1.952E-03  2.179E-03 
 1.600E+00  3.170E-03  1.996E-03  2.230E-03 
 1.650E+00  3.212E-03  2.039E-03  2.279E-03 
 1.700E+00  3.249E-03  2.082E-03  2.328E-03 
 1.750E+00  3.282E-03  2.123E-03  2.375E-03 
 1.800E+00  3.311E-03  2.162E-03  2.420E-03 
 1.850E+00  3.336E-03  2.201E-03  2.465E-03 
 1.900E+00  3.359E-03  2.239E-03  2.508E-03 
 1.950E+00  3.380E-03  2.275E-03  2.551E-03 
 2.000E+00  3.398E-03  2.310E-03  2.591E-03 
 2.050E+00  3.415E-03  2.345E-03  2.631E-03 
 2.100E+00  3.431E-03  2.377E-03  2.670E-03 
 2.150E+00  3.445E-03  2.409E-03  2.707E-03 
 2.200E+00  3.458E-03  2.440E-03  2.743E-03 
 2.250E+00  3.470E-03  2.469E-03  2.778E-03 
 2.300E+00  3.481E-03  2.497E-03  2.812E-03 
 2.350E+00  3.491E-03  2.523E-03  2.844E-03 
 2.400E+00  3.501E-03  2.549E-03  2.875E-03 
 2.450E+00  3.510E-03  2.572E-03  2.905E-03 
 2.500E+00  3.518E-03  2.594E-03  2.934E-03 
 2.550E+00  3.526E-03  2.614E-03  2.962E-03 
 2.600E+00  3.534E-03  2.632E-03  2.988E-03 
 2.650E+00  3.541E-03  2.649E-03  3.013E-03 
 2.700E+00  3.547E-03  2.663E-03  3.037E-03 
 2.750E+00  3.554E-03  2.676E-03  3.059E-03 
 2.800E+00  3.559E-03  2.687E-03  3.081E-03 
 2.850E+00  3.565E-03  2.696E-03  3.101E-03 
 2.900E+00  3.571E-03  2.705E-03  3.119E-03 
 2.950E+00  3.576E-03  2.712E-03  3.136E-03 
 3.000E+00  3.581E-03  2.719E-03  3.152E-03 
 3.050E+00  3.585E-03  2.725E-03  3.166E-03 
 3.100E+00  3.590E-03  2.730E-03  3.179E-03 
 3.150E+00  3.594E-03  2.735E-03  3.190E-03 
 3.200E+00  3.598E-03  2.739E-03  3.200E-03 
 3.250E+00  3.602E-03  2.743E-03  3.209E-03 
 3.300E+00  3.606E-03  2.746E-03  3.217E-03 
 3.350E+00  3.610E-03  2.749E-03  3.223E-03 
 3.400E+00  3.614E-03  2.752E-03  3.229E-03 
 3.450E+00  3.617E-03  2.755E-03  3.234E-03 
 3.500E+00  3.620E-03  2.758E-03  3.239E-03 
 3.550E+00  3.624E-03  2.760E-03  3.243E-03 
 3.600E+00  3.627E-03  2.762E-03  3.247E-03 
 3.650E+00  3.630E-03  2.764E-03  3.250E-03 
 3.700E+00  3.633E-03  2.766E-03  3.253E-03 
 3.750E+00  3.636E-03  2.768E-03  3.255E-03 
 3.800E+00  3.638E-03  2.769E-03  3.258E-03 
 3.850E+00  3.641E-03  2.771E-03  3.260E-03 
 3.900E+00  3.644E-03  2.773E-03  3.262E-03 
 3.950E+00  3.646E-03  2.774E-03  3.264E-03 
 4.000E+00  3.649E-03  2.775E-03  3.266E-03 
 4.050E+00  3.651E-03  2.777E-03  3.267E-03 
 4.100E+00  3.654E-03  2.778E-03  3.269E-03 
 4.150E+00  3.656E-03  2.779E-03  3.270E-03 
 4.200E+00  3.658E-03  2.780E-03  3.272E-03 
 4.250E+00  3.661E-03  2.781E-03  3.273E-03 
 4.300E+00  3.663E-03  2.782E-03  3.274E-03 
 4.350E+00  3.665E-03  2.783E-03  3.275E-03 
 4.400E+00  3.667E-03  2.784E-03  3.276E-03 
 4.450E+00  3.669E-03  2.785E-03  3.277E-03 
 4.500E+00  3.672E-03  2.786E-03  3.278E-03 
 4.550E+00  3.674E-03  2.786E-03  3.279E-03 
 4.600E+00  3.676E-03  2.787E-03  3.280E-03 
 4.650E+00  3.678E-03  2.788E-03  3.281E-03 
 4.700E+00  3.680E-03  2.789E-03  3.281E-03 
 4.750E+00  3.682E-03  2.789E-03  3.282E-03 
 4.800E+00  3.684E-03  2.790E-03  3.283E-03 
 4.850E+00  3.687E-03  2.791E-03  3.284E-03 
 4.900E+00  3.689E-03  2.791E-03  3.284E-03 
 4.950E+00  3.692E-03  2.792E-03  3.285E-03 
 5.000E+00  3.694E-03  2.793E-03  3.286E-03 
