#format table ## [Custom WaveView] saved 01:51:34 Fri Oct  5 2018
XVAL id_short_L id_long_L_3 id_long_L_6 
 0.000E+00  1.014E-11  1.000E-11  1.000E-11 
 5.000E-02  1.055E-11  1.001E-11  1.001E-11 
 1.000E-01  1.209E-11  1.002E-11  1.003E-11 
 1.500E-01  1.796E-11  1.009E-11  1.011E-11 
 2.000E-01  4.030E-11  1.033E-11  1.041E-11 
 2.500E-01  1.251E-10  1.128E-11  1.160E-11 
 3.000E-01  4.456E-10  1.497E-11  1.621E-11 
 3.500E-01  1.646E-09  2.921E-11  3.398E-11 
 4.000E-01  6.069E-09  8.404E-11  1.023E-10 
 4.500E-01  2.194E-08  2.936E-10  3.630E-10 
 5.000E-01  7.674E-08  1.085E-09  1.343E-09 
 5.500E-01  2.585E-07  4.002E-09  4.937E-09 
 6.000E-01  8.451E-07  1.438E-08  1.761E-08 
 6.500E-01  2.673E-06  4.954E-08  6.028E-08 
 7.000E-01  7.700E-06  1.634E-07  1.984E-07 
 7.500E-01  1.860E-05  5.174E-07  6.286E-07 
 8.000E-01  3.660E-05  1.528E-06  1.833E-06 
 8.500E-01  6.039E-05  3.917E-06  4.565E-06 
 9.000E-01  8.779E-05  8.304E-06  9.352E-06 
 9.500E-01  1.172E-04  1.469E-05  1.607E-05 
 1.000E+00  1.481E-04  2.260E-05  2.425E-05 
 1.050E+00  1.802E-04  3.159E-05  3.348E-05 
 1.100E+00  2.134E-04  4.144E-05  4.358E-05 
 1.150E+00  2.479E-04  5.209E-05  5.453E-05 
 1.200E+00  2.835E-04  6.356E-05  6.636E-05 
 1.250E+00  3.202E-04  7.587E-05  7.910E-05 
 1.300E+00  3.579E-04  8.907E-05  9.279E-05 
 1.350E+00  3.966E-04  1.032E-04  1.074E-04 
 1.400E+00  4.362E-04  1.182E-04  1.231E-04 
 1.450E+00  4.766E-04  1.340E-04  1.397E-04 
 1.500E+00  5.177E-04  1.508E-04  1.573E-04 
 1.550E+00  5.594E-04  1.685E-04  1.759E-04 
 1.600E+00  6.017E-04  1.871E-04  1.955E-04 
 1.650E+00  6.445E-04  2.065E-04  2.160E-04 
 1.700E+00  6.877E-04  2.268E-04  2.376E-04 
 1.750E+00  7.314E-04  2.479E-04  2.600E-04 
 1.800E+00  7.754E-04  2.699E-04  2.834E-04 
 1.850E+00  8.198E-04  2.926E-04  3.078E-04 
 1.900E+00  8.644E-04  3.162E-04  3.331E-04 
 1.950E+00  9.092E-04  3.405E-04  3.593E-04 
 2.000E+00  9.543E-04  3.656E-04  3.864E-04 
 2.050E+00  9.996E-04  3.914E-04  4.144E-04 
 2.100E+00  1.045E-03  4.180E-04  4.433E-04 
 2.150E+00  1.091E-03  4.453E-04  4.730E-04 
 2.200E+00  1.136E-03  4.733E-04  5.037E-04 
 2.250E+00  1.182E-03  5.020E-04  5.352E-04 
 2.300E+00  1.228E-03  5.314E-04  5.675E-04 
 2.350E+00  1.274E-03  5.614E-04  6.007E-04 
 2.400E+00  1.320E-03  5.921E-04  6.347E-04 
 2.450E+00  1.366E-03  6.234E-04  6.695E-04 
 2.500E+00  1.413E-03  6.554E-04  7.052E-04 
 2.550E+00  1.459E-03  6.879E-04  7.416E-04 
 2.600E+00  1.505E-03  7.211E-04  7.788E-04 
 2.650E+00  1.551E-03  7.548E-04  8.168E-04 
 2.700E+00  1.598E-03  7.891E-04  8.556E-04 
 2.750E+00  1.644E-03  8.240E-04  8.951E-04 
 2.800E+00  1.690E-03  8.594E-04  9.353E-04 
 2.850E+00  1.736E-03  8.953E-04  9.763E-04 
 2.900E+00  1.783E-03  9.318E-04  1.018E-03 
 2.950E+00  1.829E-03  9.687E-04  1.060E-03 
 3.000E+00  1.875E-03  1.006E-03  1.104E-03 
 3.050E+00  1.921E-03  1.044E-03  1.147E-03 
 3.100E+00  1.968E-03  1.083E-03  1.192E-03 
 3.150E+00  2.014E-03  1.121E-03  1.237E-03 
 3.200E+00  2.060E-03  1.161E-03  1.283E-03 
 3.250E+00  2.106E-03  1.200E-03  1.329E-03 
 3.300E+00  2.152E-03  1.241E-03  1.376E-03 
 3.350E+00  2.198E-03  1.281E-03  1.424E-03 
 3.400E+00  2.244E-03  1.322E-03  1.472E-03 
 3.450E+00  2.290E-03  1.364E-03  1.521E-03 
 3.500E+00  2.336E-03  1.405E-03  1.571E-03 
 3.550E+00  2.382E-03  1.448E-03  1.621E-03 
 3.600E+00  2.428E-03  1.490E-03  1.672E-03 
 3.650E+00  2.474E-03  1.533E-03  1.723E-03 
 3.700E+00  2.520E-03  1.576E-03  1.775E-03 
 3.750E+00  2.565E-03  1.620E-03  1.827E-03 
 3.800E+00  2.611E-03  1.664E-03  1.880E-03 
 3.850E+00  2.657E-03  1.708E-03  1.934E-03 
 3.900E+00  2.702E-03  1.752E-03  1.988E-03 
 3.950E+00  2.748E-03  1.797E-03  2.042E-03 
 4.000E+00  2.793E-03  1.842E-03  2.097E-03 
 4.050E+00  2.839E-03  1.887E-03  2.152E-03 
 4.100E+00  2.884E-03  1.933E-03  2.208E-03 
 4.150E+00  2.930E-03  1.979E-03  2.265E-03 
 4.200E+00  2.975E-03  2.025E-03  2.322E-03 
 4.250E+00  3.020E-03  2.072E-03  2.379E-03 
 4.300E+00  3.065E-03  2.118E-03  2.437E-03 
 4.350E+00  3.111E-03  2.165E-03  2.495E-03 
 4.400E+00  3.156E-03  2.212E-03  2.553E-03 
 4.450E+00  3.201E-03  2.259E-03  2.612E-03 
 4.500E+00  3.246E-03  2.307E-03  2.672E-03 
 4.550E+00  3.291E-03  2.355E-03  2.731E-03 
 4.600E+00  3.336E-03  2.403E-03  2.792E-03 
 4.650E+00  3.381E-03  2.451E-03  2.852E-03 
 4.700E+00  3.426E-03  2.499E-03  2.913E-03 
 4.750E+00  3.471E-03  2.548E-03  2.974E-03 
 4.800E+00  3.515E-03  2.596E-03  3.036E-03 
 4.850E+00  3.560E-03  2.645E-03  3.098E-03 
 4.900E+00  3.605E-03  2.694E-03  3.160E-03 
 4.950E+00  3.650E-03  2.743E-03  3.223E-03 
 5.000E+00  3.694E-03  2.793E-03  3.286E-03 
