#format table ## [Custom WaveView] saved 10:44:51 Mon Oct 22 2018
XVAL ID_copia 
 5.000E-06  1.998E-04 
 5.500E-06  2.001E-04 
 6.000E-06  2.007E-04 
 6.500E-06  2.008E-04 
 7.000E-06  2.009E-04 
 7.500E-06  2.010E-04 
 8.000E-06  2.011E-04 
 8.500E-06  2.012E-04 
 9.000E-06  2.013E-04 
 9.500E-06  2.014E-04 
 1.000E-05  2.014E-04 
 1.050E-05  2.015E-04 
 1.100E-05  2.016E-04 
 1.150E-05  2.017E-04 
 1.200E-05  2.017E-04 
 1.250E-05  2.018E-04 
 1.300E-05  2.018E-04 
 1.350E-05  2.019E-04 
 1.400E-05  2.020E-04 
 1.450E-05  2.020E-04 
 1.500E-05  2.021E-04 
 1.550E-05  2.021E-04 
 1.600E-05  2.022E-04 
 1.650E-05  2.022E-04 
 1.700E-05  2.023E-04 
 1.750E-05  2.023E-04 
 1.800E-05  2.023E-04 
 1.850E-05  2.024E-04 
 1.900E-05  2.024E-04 
 1.950E-05  2.025E-04 
 2.000E-05  2.025E-04 
 2.050E-05  2.025E-04 
 2.100E-05  2.026E-04 
 2.150E-05  2.026E-04 
 2.200E-05  2.027E-04 
 2.250E-05  2.027E-04 
 2.300E-05  2.027E-04 
 2.350E-05  2.028E-04 
 2.400E-05  2.028E-04 
 2.450E-05  2.028E-04 
 2.500E-05  2.029E-04 
 2.550E-05  2.029E-04 
 2.600E-05  2.029E-04 
 2.650E-05  2.029E-04 
 2.700E-05  2.030E-04 
 2.750E-05  2.030E-04 
 2.800E-05  2.030E-04 
 2.850E-05  2.031E-04 
 2.900E-05  2.031E-04 
 2.950E-05  2.031E-04 
 3.000E-05  2.031E-04 
 3.050E-05  2.032E-04 
 3.100E-05  2.032E-04 
 3.150E-05  2.032E-04 
 3.200E-05  2.032E-04 
 3.250E-05  2.033E-04 
 3.300E-05  2.033E-04 
 3.350E-05  2.033E-04 
 3.400E-05  2.033E-04 
 3.450E-05  2.034E-04 
 3.500E-05  2.034E-04 
 3.550E-05  2.034E-04 
 3.600E-05  2.034E-04 
 3.650E-05  2.034E-04 
 3.700E-05  2.035E-04 
 3.750E-05  2.035E-04 
 3.800E-05  2.035E-04 
 3.850E-05  2.035E-04 
 3.900E-05  2.036E-04 
 3.950E-05  2.036E-04 
 4.000E-05  2.036E-04 
 4.050E-05  2.036E-04 
 4.100E-05  2.036E-04 
 4.150E-05  2.037E-04 
 4.200E-05  2.037E-04 
 4.250E-05  2.037E-04 
 4.300E-05  2.037E-04 
 4.350E-05  2.037E-04 
 4.400E-05  2.037E-04 
 4.450E-05  2.038E-04 
 4.500E-05  2.038E-04 
 4.550E-05  2.038E-04 
 4.600E-05  2.038E-04 
 4.650E-05  2.038E-04 
 4.700E-05  2.038E-04 
 4.750E-05  2.039E-04 
 4.800E-05  2.039E-04 
 4.850E-05  2.039E-04 
 4.900E-05  2.039E-04 
 4.950E-05  2.039E-04 
 5.000E-05  2.039E-04 
