#format table ## [Custom WaveView] saved 11:20:50 Mon Nov  5 2018
TIME ID_2:wnmos=5.35e-06 ID_2:wnmos=5.35214e-06 ID_2:wnmos=5.35429e-06 ID_2:wnmos=5.35643e-06 ID_2:wnmos=5.35857e-06 ID_2:wnmos=5.36071e-06 ID_2:wnmos=5.36286e-06 ID_2:wnmos=5.365e-06 ID_2:wnmos=5.36714e-06 ID_2:wnmos=5.36929e-06 ID_2:wnmos=5.37143e-06 ID_2:wnmos=5.37357e-06 ID_2:wnmos=5.37571e-06 ID_2:wnmos=5.37786e-06 ID_2:wnmos=5.38e-06 
 0.000000000000000E+00  1.999981348649394E-04  1.999991186767184E-04  2.000001064378219E-04  2.000010889605968E-04  2.000020708416010E-04  2.000030520816499E-04  2.000040372622994E-04  2.000050172198941E-04  2.000059965389757E-04  2.000069797921360E-04  2.000079578336451E-04  2.000089352390694E-04  2.000099120092146E-04  2.000108927047779E-04  2.000118682038144E-04 
 2.500000000000000E-07  1.999981348649394E-04  1.999991186767183E-04  2.000001064378218E-04  2.000010889605968E-04  2.000020708416010E-04  2.000030520816499E-04  2.000040372622994E-04  2.000050172198942E-04  2.000059965389757E-04  2.000069797921360E-04  2.000079578336451E-04  2.000089352390694E-04  2.000099120092146E-04  2.000108927047779E-04  2.000118682038144E-04 
 5.000000000000000E-07  1.999981348649394E-04  1.999991186767183E-04  2.000001064378218E-04  2.000010889605968E-04  2.000020708416010E-04  2.000030520816499E-04  2.000040372622994E-04  2.000050172198942E-04  2.000059965389757E-04  2.000069797921360E-04  2.000079578336451E-04  2.000089352390694E-04  2.000099120092146E-04  2.000108927047779E-04  2.000118682038144E-04 
 1.300000000000000E-06  1.999981348649394E-04  1.999991186767183E-04  2.000001064378218E-04  2.000010889605968E-04  2.000020708416010E-04  2.000030520816499E-04  2.000040372622994E-04  2.000050172198942E-04  2.000059965389757E-04  2.000069797921360E-04  2.000079578336451E-04  2.000089352390694E-04  2.000099120092146E-04  2.000108927047779E-04  2.000118682038144E-04 
 3.860000000000000E-06  1.999981348649394E-04  1.999991186767183E-04  2.000001064378218E-04  2.000010889605968E-04  2.000020708416010E-04  2.000030520816499E-04  2.000040372622994E-04  2.000050172198942E-04  2.000059965389757E-04  2.000069797921360E-04  2.000079578336451E-04  2.000089352390694E-04  2.000099120092146E-04  2.000108927047779E-04  2.000118682038144E-04 
 1.205200000000000E-05  1.999981348649394E-04  1.999991186767183E-04  2.000001064378218E-04  2.000010889605968E-04  2.000020708416010E-04  2.000030520816499E-04  2.000040372622994E-04  2.000050172198942E-04  2.000059965389757E-04  2.000069797921360E-04  2.000079578336451E-04  2.000089352390694E-04  2.000099120092146E-04  2.000108927047779E-04  2.000118682038144E-04 
 3.826640000000000E-05  1.999981348649394E-04  1.999991186767183E-04  2.000001064378218E-04  2.000010889605968E-04  2.000020708416010E-04  2.000030520816499E-04  2.000040372622994E-04  2.000050172198942E-04  2.000059965389757E-04  2.000069797921360E-04  2.000079578336451E-04  2.000089352390694E-04  2.000099120092146E-04  2.000108927047779E-04  2.000118682038144E-04 
 1.221524800000000E-04  1.999981348649394E-04  1.999991186767183E-04  2.000001064378218E-04  2.000010889605968E-04  2.000020708416010E-04  2.000030520816499E-04  2.000040372622994E-04  2.000050172198942E-04  2.000059965389757E-04  2.000069797921360E-04  2.000079578336451E-04  2.000089352390694E-04  2.000099120092146E-04  2.000108927047779E-04  2.000118682038144E-04 
 3.905879360000001E-04  1.999981348649394E-04  1.999991186767183E-04  2.000001064378218E-04  2.000010889605968E-04  2.000020708416010E-04  2.000030520816499E-04  2.000040372622994E-04  2.000050172198942E-04  2.000059965389757E-04  2.000069797921360E-04  2.000079578336451E-04  2.000089352390694E-04  2.000099120092146E-04  2.000108927047779E-04  2.000118682038144E-04 
 1.249581395200000E-03  1.999981348649394E-04  1.999991186767183E-04  2.000001064378218E-04  2.000010889605968E-04  2.000020708416010E-04  2.000030520816499E-04  2.000040372622994E-04  2.000050172198942E-04  2.000059965389757E-04  2.000069797921360E-04  2.000079578336451E-04  2.000089352390694E-04  2.000099120092146E-04  2.000108927047779E-04  2.000118682038144E-04 
 3.998360464640001E-03  1.999981348649394E-04  1.999991186767183E-04  2.000001064378218E-04  2.000010889605968E-04  2.000020708416010E-04  2.000030520816499E-04  2.000040372622994E-04  2.000050172198942E-04  2.000059965389757E-04  2.000069797921360E-04  2.000079578336451E-04  2.000089352390694E-04  2.000099120092146E-04  2.000108927047779E-04  2.000118682038144E-04 
 1.279445348684801E-02  1.999981348649394E-04  1.999991186767183E-04  2.000001064378218E-04  2.000010889605968E-04  2.000020708416010E-04  2.000030520816499E-04  2.000040372622994E-04  2.000050172198942E-04  2.000059965389757E-04  2.000069797921360E-04  2.000079578336451E-04  2.000089352390694E-04  2.000099120092146E-04  2.000108927047779E-04  2.000118682038144E-04 
 4.094195115791362E-02  1.999981348649394E-04  1.999991186767183E-04  2.000001064378218E-04  2.000010889605968E-04  2.000020708416010E-04  2.000030520816499E-04  2.000040372622994E-04  2.000050172198942E-04  2.000059965389757E-04  2.000069797921360E-04  2.000079578336451E-04  2.000089352390694E-04  2.000099120092146E-04  2.000108927047779E-04  2.000118682038144E-04 
 9.094195115791362E-02  1.999981348649394E-04  1.999991186767183E-04  2.000001064378218E-04  2.000010889605968E-04  2.000020708416010E-04  2.000030520816499E-04  2.000040372622994E-04  2.000050172198942E-04  2.000059965389757E-04  2.000069797921360E-04  2.000079578336451E-04  2.000089352390694E-04  2.000099120092146E-04  2.000108927047779E-04  2.000118682038144E-04 
 1.409419511579136E-01  1.999981348649394E-04  1.999991186767183E-04  2.000001064378218E-04  2.000010889605968E-04  2.000020708416010E-04  2.000030520816499E-04  2.000040372622994E-04  2.000050172198942E-04  2.000059965389757E-04  2.000069797921360E-04  2.000079578336451E-04  2.000089352390694E-04  2.000099120092146E-04  2.000108927047779E-04  2.000118682038144E-04 
 1.909419511579136E-01  1.999981348649394E-04  1.999991186767183E-04  2.000001064378218E-04  2.000010889605968E-04  2.000020708416010E-04  2.000030520816499E-04  2.000040372622994E-04  2.000050172198942E-04  2.000059965389757E-04  2.000069797921360E-04  2.000079578336451E-04  2.000089352390694E-04  2.000099120092146E-04  2.000108927047779E-04  2.000118682038144E-04 
 2.409419511579136E-01  1.999981348649394E-04  1.999991186767183E-04  2.000001064378218E-04  2.000010889605968E-04  2.000020708416010E-04  2.000030520816499E-04  2.000040372622994E-04  2.000050172198942E-04  2.000059965389757E-04  2.000069797921360E-04  2.000079578336451E-04  2.000089352390694E-04  2.000099120092146E-04  2.000108927047779E-04  2.000118682038144E-04 
 2.909419511579136E-01  1.999981348649394E-04  1.999991186767183E-04  2.000001064378218E-04  2.000010889605968E-04  2.000020708416010E-04  2.000030520816499E-04  2.000040372622994E-04  2.000050172198942E-04  2.000059965389757E-04  2.000069797921360E-04  2.000079578336451E-04  2.000089352390694E-04  2.000099120092146E-04  2.000108927047779E-04  2.000118682038144E-04 
 3.409419511579136E-01  1.999981348649394E-04  1.999991186767183E-04  2.000001064378218E-04  2.000010889605968E-04  2.000020708416010E-04  2.000030520816499E-04  2.000040372622994E-04  2.000050172198942E-04  2.000059965389757E-04  2.000069797921360E-04  2.000079578336451E-04  2.000089352390694E-04  2.000099120092146E-04  2.000108927047779E-04  2.000118682038144E-04 
 3.909419511579136E-01  1.999981348649394E-04  1.999991186767183E-04  2.000001064378218E-04  2.000010889605968E-04  2.000020708416010E-04  2.000030520816499E-04  2.000040372622994E-04  2.000050172198942E-04  2.000059965389757E-04  2.000069797921360E-04  2.000079578336451E-04  2.000089352390694E-04  2.000099120092146E-04  2.000108927047779E-04  2.000118682038144E-04 
 4.409419511579136E-01  1.999981348649394E-04  1.999991186767183E-04  2.000001064378218E-04  2.000010889605968E-04  2.000020708416010E-04  2.000030520816499E-04  2.000040372622994E-04  2.000050172198942E-04  2.000059965389757E-04  2.000069797921360E-04  2.000079578336451E-04  2.000089352390694E-04  2.000099120092146E-04  2.000108927047779E-04  2.000118682038144E-04 
 4.909419511579136E-01  1.999981348649394E-04  1.999991186767183E-04  2.000001064378218E-04  2.000010889605968E-04  2.000020708416010E-04  2.000030520816499E-04  2.000040372622994E-04  2.000050172198942E-04  2.000059965389757E-04  2.000069797921360E-04  2.000079578336451E-04  2.000089352390694E-04  2.000099120092146E-04  2.000108927047779E-04  2.000118682038144E-04 
 5.409419511579135E-01  1.999981348649394E-04  1.999991186767183E-04  2.000001064378218E-04  2.000010889605968E-04  2.000020708416010E-04  2.000030520816499E-04  2.000040372622994E-04  2.000050172198942E-04  2.000059965389757E-04  2.000069797921360E-04  2.000079578336451E-04  2.000089352390694E-04  2.000099120092146E-04  2.000108927047779E-04  2.000118682038144E-04 
 5.909419511579136E-01  1.999981348649394E-04  1.999991186767183E-04  2.000001064378218E-04  2.000010889605968E-04  2.000020708416010E-04  2.000030520816499E-04  2.000040372622994E-04  2.000050172198942E-04  2.000059965389757E-04  2.000069797921360E-04  2.000079578336451E-04  2.000089352390694E-04  2.000099120092146E-04  2.000108927047779E-04  2.000118682038144E-04 
 6.409419511579136E-01  1.999981348649394E-04  1.999991186767183E-04  2.000001064378218E-04  2.000010889605968E-04  2.000020708416010E-04  2.000030520816499E-04  2.000040372622994E-04  2.000050172198942E-04  2.000059965389757E-04  2.000069797921360E-04  2.000079578336451E-04  2.000089352390694E-04  2.000099120092146E-04  2.000108927047779E-04  2.000118682038144E-04 
 6.909419511579137E-01  1.999981348649394E-04  1.999991186767183E-04  2.000001064378218E-04  2.000010889605968E-04  2.000020708416010E-04  2.000030520816499E-04  2.000040372622994E-04  2.000050172198942E-04  2.000059965389757E-04  2.000069797921360E-04  2.000079578336451E-04  2.000089352390694E-04  2.000099120092146E-04  2.000108927047779E-04  2.000118682038144E-04 
 7.409419511579137E-01  1.999981348649394E-04  1.999991186767183E-04  2.000001064378218E-04  2.000010889605968E-04  2.000020708416010E-04  2.000030520816499E-04  2.000040372622994E-04  2.000050172198942E-04  2.000059965389757E-04  2.000069797921360E-04  2.000079578336451E-04  2.000089352390694E-04  2.000099120092146E-04  2.000108927047779E-04  2.000118682038144E-04 
 7.909419511579138E-01  1.999981348649394E-04  1.999991186767183E-04  2.000001064378218E-04  2.000010889605968E-04  2.000020708416010E-04  2.000030520816499E-04  2.000040372622994E-04  2.000050172198942E-04  2.000059965389757E-04  2.000069797921360E-04  2.000079578336451E-04  2.000089352390694E-04  2.000099120092146E-04  2.000108927047779E-04  2.000118682038144E-04 
 8.409419511579138E-01  1.999981348649394E-04  1.999991186767183E-04  2.000001064378218E-04  2.000010889605968E-04  2.000020708416010E-04  2.000030520816499E-04  2.000040372622994E-04  2.000050172198942E-04  2.000059965389757E-04  2.000069797921360E-04  2.000079578336451E-04  2.000089352390694E-04  2.000099120092146E-04  2.000108927047779E-04  2.000118682038144E-04 
 8.909419511579139E-01  1.999981348649394E-04  1.999991186767183E-04  2.000001064378218E-04  2.000010889605968E-04  2.000020708416010E-04  2.000030520816499E-04  2.000040372622994E-04  2.000050172198942E-04  2.000059965389757E-04  2.000069797921360E-04  2.000079578336451E-04  2.000089352390694E-04  2.000099120092146E-04  2.000108927047779E-04  2.000118682038144E-04 
 9.409419511579139E-01  1.999981348649394E-04  1.999991186767183E-04  2.000001064378218E-04  2.000010889605968E-04  2.000020708416010E-04  2.000030520816499E-04  2.000040372622994E-04  2.000050172198942E-04  2.000059965389757E-04  2.000069797921360E-04  2.000079578336451E-04  2.000089352390694E-04  2.000099120092146E-04  2.000108927047779E-04  2.000118682038144E-04 
 9.909419511579139E-01  1.999981348649394E-04  1.999991186767183E-04  2.000001064378218E-04  2.000010889605968E-04  2.000020708416010E-04  2.000030520816499E-04  2.000040372622994E-04  2.000050172198942E-04  2.000059965389757E-04  2.000069797921360E-04  2.000079578336451E-04  2.000089352390694E-04  2.000099120092146E-04  2.000108927047779E-04  2.000118682038144E-04 
 1.000000000000000E+00  1.999981348649394E-04  1.999991186767183E-04  2.000001064378218E-04  2.000010889605968E-04  2.000020708416010E-04  2.000030520816499E-04  2.000040372622994E-04  2.000050172198942E-04  2.000059965389757E-04  2.000069797921360E-04  2.000079578336451E-04  2.000089352390694E-04  2.000099120092146E-04  2.000108927047779E-04  2.000118682038144E-04 
