#format table ## [Custom WaveView] saved 18:06:37 Sat Nov  3 2018
TIME ID_1 ID_2 ID_3 
 0.000E+00  2.011E-04  1.998E-04  1.967E-04 
 2.500E-07  2.011E-04  1.998E-04  1.967E-04 
 5.000E-07  2.011E-04  1.998E-04  1.967E-04 
 1.300E-06  2.011E-04  1.998E-04  1.967E-04 
 3.860E-06  2.011E-04  1.998E-04  1.967E-04 
 1.205E-05  2.011E-04  1.998E-04  1.967E-04 
 3.827E-05  2.011E-04  1.998E-04  1.967E-04 
 1.222E-04  2.011E-04  1.998E-04  1.967E-04 
 3.906E-04  2.011E-04  1.998E-04  1.967E-04 
 1.250E-03  2.011E-04  1.998E-04  1.967E-04 
 3.998E-03  2.011E-04  1.998E-04  1.967E-04 
 1.279E-02  2.011E-04  1.998E-04  1.967E-04 
 4.094E-02  2.011E-04  1.998E-04  1.967E-04 
 9.094E-02  2.011E-04  1.998E-04  1.967E-04 
 1.409E-01  2.011E-04  1.998E-04  1.967E-04 
 1.909E-01  2.011E-04  1.998E-04  1.967E-04 
 2.409E-01  2.011E-04  1.998E-04  1.967E-04 
 2.909E-01  2.011E-04  1.998E-04  1.967E-04 
 3.409E-01  2.011E-04  1.998E-04  1.967E-04 
 3.909E-01  2.011E-04  1.998E-04  1.967E-04 
 4.409E-01  2.011E-04  1.998E-04  1.967E-04 
 4.909E-01  2.011E-04  1.998E-04  1.967E-04 
 5.409E-01  2.011E-04  1.998E-04  1.967E-04 
 5.909E-01  2.011E-04  1.998E-04  1.967E-04 
 6.409E-01  2.011E-04  1.998E-04  1.967E-04 
 6.909E-01  2.011E-04  1.998E-04  1.967E-04 
 7.409E-01  2.011E-04  1.998E-04  1.967E-04 
 7.909E-01  2.011E-04  1.998E-04  1.967E-04 
 8.409E-01  2.011E-04  1.998E-04  1.967E-04 
 8.909E-01  2.011E-04  1.998E-04  1.967E-04 
 9.409E-01  2.011E-04  1.998E-04  1.967E-04 
 9.909E-01  2.011E-04  1.998E-04  1.967E-04 
 1.000E+00  2.011E-04  1.998E-04  1.967E-04 
