#format table ## [Custom WaveView] saved 12:00:43 Mon Nov  5 2018
TIME ID_3:wnmos=1.371e-05 ID_3:wnmos=1.37133e-05 ID_3:wnmos=1.37167e-05 ID_3:wnmos=1.372e-05 ID_3:wnmos=1.37233e-05 ID_3:wnmos=1.37267e-05 ID_3:wnmos=1.373e-05 ID_3:wnmos=1.37333e-05 ID_3:wnmos=1.37367e-05 ID_3:wnmos=1.374e-05 
 0.000000000000000E+00  1.999982668687906E-04  1.999987586426436E-04  1.999992651199274E-04  1.999997565079978E-04  2.000002477062593E-04  2.000007535909342E-04  2.000012444042380E-04  2.000017350281383E-04  2.000022403214713E-04  2.000027305612361E-04 
 2.500000000000000E-07  1.999982668687906E-04  1.999987586426437E-04  1.999992651199274E-04  1.999997565079978E-04  2.000002477062594E-04  2.000007535909342E-04  2.000012444042380E-04  2.000017350281383E-04  2.000022403214713E-04  2.000027305612362E-04 
 5.000000000000000E-07  1.999982668687906E-04  1.999987586426437E-04  1.999992651199274E-04  1.999997565079978E-04  2.000002477062594E-04  2.000007535909342E-04  2.000012444042380E-04  2.000017350281383E-04  2.000022403214713E-04  2.000027305612362E-04 
 1.300000000000000E-06  1.999982668687906E-04  1.999987586426437E-04  1.999992651199274E-04  1.999997565079978E-04  2.000002477062594E-04  2.000007535909342E-04  2.000012444042380E-04  2.000017350281383E-04  2.000022403214713E-04  2.000027305612362E-04 
 3.860000000000000E-06  1.999982668687906E-04  1.999987586426437E-04  1.999992651199274E-04  1.999997565079978E-04  2.000002477062594E-04  2.000007535909342E-04  2.000012444042380E-04  2.000017350281383E-04  2.000022403214713E-04  2.000027305612362E-04 
 1.205200000000000E-05  1.999982668687906E-04  1.999987586426437E-04  1.999992651199274E-04  1.999997565079978E-04  2.000002477062594E-04  2.000007535909342E-04  2.000012444042380E-04  2.000017350281383E-04  2.000022403214713E-04  2.000027305612362E-04 
 3.826640000000000E-05  1.999982668687906E-04  1.999987586426437E-04  1.999992651199274E-04  1.999997565079978E-04  2.000002477062594E-04  2.000007535909342E-04  2.000012444042380E-04  2.000017350281383E-04  2.000022403214713E-04  2.000027305612362E-04 
 1.221524800000000E-04  1.999982668687906E-04  1.999987586426437E-04  1.999992651199274E-04  1.999997565079978E-04  2.000002477062594E-04  2.000007535909342E-04  2.000012444042380E-04  2.000017350281383E-04  2.000022403214713E-04  2.000027305612362E-04 
 3.905879360000001E-04  1.999982668687906E-04  1.999987586426437E-04  1.999992651199274E-04  1.999997565079978E-04  2.000002477062594E-04  2.000007535909342E-04  2.000012444042380E-04  2.000017350281383E-04  2.000022403214713E-04  2.000027305612362E-04 
 1.249581395200000E-03  1.999982668687906E-04  1.999987586426437E-04  1.999992651199274E-04  1.999997565079978E-04  2.000002477062594E-04  2.000007535909342E-04  2.000012444042380E-04  2.000017350281383E-04  2.000022403214713E-04  2.000027305612362E-04 
 3.998360464640001E-03  1.999982668687906E-04  1.999987586426437E-04  1.999992651199274E-04  1.999997565079978E-04  2.000002477062594E-04  2.000007535909342E-04  2.000012444042380E-04  2.000017350281383E-04  2.000022403214713E-04  2.000027305612362E-04 
 1.279445348684801E-02  1.999982668687906E-04  1.999987586426437E-04  1.999992651199274E-04  1.999997565079978E-04  2.000002477062594E-04  2.000007535909342E-04  2.000012444042380E-04  2.000017350281383E-04  2.000022403214713E-04  2.000027305612362E-04 
 4.094195115791362E-02  1.999982668687906E-04  1.999987586426437E-04  1.999992651199274E-04  1.999997565079978E-04  2.000002477062594E-04  2.000007535909342E-04  2.000012444042380E-04  2.000017350281383E-04  2.000022403214713E-04  2.000027305612362E-04 
 9.094195115791362E-02  1.999982668687906E-04  1.999987586426437E-04  1.999992651199274E-04  1.999997565079978E-04  2.000002477062594E-04  2.000007535909342E-04  2.000012444042380E-04  2.000017350281383E-04  2.000022403214713E-04  2.000027305612362E-04 
 1.409419511579136E-01  1.999982668687906E-04  1.999987586426437E-04  1.999992651199274E-04  1.999997565079978E-04  2.000002477062594E-04  2.000007535909342E-04  2.000012444042380E-04  2.000017350281383E-04  2.000022403214713E-04  2.000027305612362E-04 
 1.909419511579136E-01  1.999982668687906E-04  1.999987586426437E-04  1.999992651199274E-04  1.999997565079978E-04  2.000002477062594E-04  2.000007535909342E-04  2.000012444042380E-04  2.000017350281383E-04  2.000022403214713E-04  2.000027305612362E-04 
 2.409419511579136E-01  1.999982668687906E-04  1.999987586426437E-04  1.999992651199274E-04  1.999997565079978E-04  2.000002477062594E-04  2.000007535909342E-04  2.000012444042380E-04  2.000017350281383E-04  2.000022403214713E-04  2.000027305612362E-04 
 2.909419511579136E-01  1.999982668687906E-04  1.999987586426437E-04  1.999992651199274E-04  1.999997565079978E-04  2.000002477062594E-04  2.000007535909342E-04  2.000012444042380E-04  2.000017350281383E-04  2.000022403214713E-04  2.000027305612362E-04 
 3.409419511579136E-01  1.999982668687906E-04  1.999987586426437E-04  1.999992651199274E-04  1.999997565079978E-04  2.000002477062594E-04  2.000007535909342E-04  2.000012444042380E-04  2.000017350281383E-04  2.000022403214713E-04  2.000027305612362E-04 
 3.909419511579136E-01  1.999982668687906E-04  1.999987586426437E-04  1.999992651199274E-04  1.999997565079978E-04  2.000002477062594E-04  2.000007535909342E-04  2.000012444042380E-04  2.000017350281383E-04  2.000022403214713E-04  2.000027305612362E-04 
 4.409419511579136E-01  1.999982668687906E-04  1.999987586426437E-04  1.999992651199274E-04  1.999997565079978E-04  2.000002477062594E-04  2.000007535909342E-04  2.000012444042380E-04  2.000017350281383E-04  2.000022403214713E-04  2.000027305612362E-04 
 4.909419511579136E-01  1.999982668687906E-04  1.999987586426437E-04  1.999992651199274E-04  1.999997565079978E-04  2.000002477062594E-04  2.000007535909342E-04  2.000012444042380E-04  2.000017350281383E-04  2.000022403214713E-04  2.000027305612362E-04 
 5.409419511579135E-01  1.999982668687906E-04  1.999987586426437E-04  1.999992651199274E-04  1.999997565079978E-04  2.000002477062594E-04  2.000007535909342E-04  2.000012444042380E-04  2.000017350281383E-04  2.000022403214713E-04  2.000027305612362E-04 
 5.909419511579136E-01  1.999982668687906E-04  1.999987586426437E-04  1.999992651199274E-04  1.999997565079978E-04  2.000002477062594E-04  2.000007535909342E-04  2.000012444042380E-04  2.000017350281383E-04  2.000022403214713E-04  2.000027305612362E-04 
 6.409419511579136E-01  1.999982668687906E-04  1.999987586426437E-04  1.999992651199274E-04  1.999997565079978E-04  2.000002477062594E-04  2.000007535909342E-04  2.000012444042380E-04  2.000017350281383E-04  2.000022403214713E-04  2.000027305612362E-04 
 6.909419511579137E-01  1.999982668687906E-04  1.999987586426437E-04  1.999992651199274E-04  1.999997565079978E-04  2.000002477062594E-04  2.000007535909342E-04  2.000012444042380E-04  2.000017350281383E-04  2.000022403214713E-04  2.000027305612362E-04 
 7.409419511579137E-01  1.999982668687906E-04  1.999987586426437E-04  1.999992651199274E-04  1.999997565079978E-04  2.000002477062594E-04  2.000007535909342E-04  2.000012444042380E-04  2.000017350281383E-04  2.000022403214713E-04  2.000027305612362E-04 
 7.909419511579138E-01  1.999982668687906E-04  1.999987586426437E-04  1.999992651199274E-04  1.999997565079978E-04  2.000002477062594E-04  2.000007535909342E-04  2.000012444042380E-04  2.000017350281383E-04  2.000022403214713E-04  2.000027305612362E-04 
 8.409419511579138E-01  1.999982668687906E-04  1.999987586426437E-04  1.999992651199274E-04  1.999997565079978E-04  2.000002477062594E-04  2.000007535909342E-04  2.000012444042380E-04  2.000017350281383E-04  2.000022403214713E-04  2.000027305612362E-04 
 8.909419511579139E-01  1.999982668687906E-04  1.999987586426437E-04  1.999992651199274E-04  1.999997565079978E-04  2.000002477062594E-04  2.000007535909342E-04  2.000012444042380E-04  2.000017350281383E-04  2.000022403214713E-04  2.000027305612362E-04 
 9.409419511579139E-01  1.999982668687906E-04  1.999987586426437E-04  1.999992651199274E-04  1.999997565079978E-04  2.000002477062594E-04  2.000007535909342E-04  2.000012444042380E-04  2.000017350281383E-04  2.000022403214713E-04  2.000027305612362E-04 
 9.909419511579139E-01  1.999982668687906E-04  1.999987586426437E-04  1.999992651199274E-04  1.999997565079978E-04  2.000002477062594E-04  2.000007535909342E-04  2.000012444042380E-04  2.000017350281383E-04  2.000022403214713E-04  2.000027305612362E-04 
 1.000000000000000E+00  1.999982668687906E-04  1.999987586426437E-04  1.999992651199274E-04  1.999997565079978E-04  2.000002477062594E-04  2.000007535909342E-04  2.000012444042380E-04  2.000017350281383E-04  2.000022403214713E-04  2.000027305612362E-04 
