#format table ## [Custom WaveView] saved 11:12:14 Mon Nov  5 2018
TIME ID_1:wnmos=3.13e-06 ID_1:wnmos=3.13105e-06 ID_1:wnmos=3.13211e-06 ID_1:wnmos=3.13316e-06 ID_1:wnmos=3.13421e-06 ID_1:wnmos=3.13526e-06 ID_1:wnmos=3.13632e-06 ID_1:wnmos=3.13737e-06 ID_1:wnmos=3.13842e-06 ID_1:wnmos=3.13947e-06 ID_1:wnmos=3.14053e-06 ID_1:wnmos=3.14158e-06 ID_1:wnmos=3.14263e-06 ID_1:wnmos=3.14368e-06 ID_1:wnmos=3.14474e-06 ID_1:wnmos=3.14579e-06 ID_1:wnmos=3.14684e-06 ID_1:wnmos=3.14789e-06 ID_1:wnmos=3.14895e-06 ID_1:wnmos=3.15e-06 
 0.000000000000000E+00  1.999956661410821E-04  1.999965474723224E-04  1.999974366878300E-04  1.999983170105599E-04  1.999991968323269E-04  2.000000761537296E-04  2.000009633426944E-04  2.000018416604081E-04  2.000027194795520E-04  2.000035968007201E-04  2.000044819728191E-04  2.000053582950855E-04  2.000062341211577E-04  2.000071094516256E-04  2.000079926164666E-04  2.000088669527854E-04  2.000097407952690E-04  2.000106141445029E-04  2.000114953116249E-04  2.000123676714285E-04 
 2.500000000000000E-07  1.999956661410821E-04  1.999965474723224E-04  1.999974366878301E-04  1.999983170105599E-04  1.999991968323269E-04  2.000000761537294E-04  2.000009633426943E-04  2.000018416604081E-04  2.000027194795520E-04  2.000035968007202E-04  2.000044819728192E-04  2.000053582950855E-04  2.000062341211577E-04  2.000071094516256E-04  2.000079926164666E-04  2.000088669527854E-04  2.000097407952690E-04  2.000106141445030E-04  2.000114953116249E-04  2.000123676714285E-04 
 5.000000000000000E-07  1.999956661410821E-04  1.999965474723225E-04  1.999974366878301E-04  1.999983170105599E-04  1.999991968323269E-04  2.000000761537294E-04  2.000009633426943E-04  2.000018416604081E-04  2.000027194795519E-04  2.000035968007202E-04  2.000044819728192E-04  2.000053582950855E-04  2.000062341211577E-04  2.000071094516256E-04  2.000079926164666E-04  2.000088669527854E-04  2.000097407952690E-04  2.000106141445030E-04  2.000114953116249E-04  2.000123676714286E-04 
 1.300000000000000E-06  1.999956661410821E-04  1.999965474723224E-04  1.999974366878301E-04  1.999983170105599E-04  1.999991968323269E-04  2.000000761537294E-04  2.000009633426943E-04  2.000018416604081E-04  2.000027194795520E-04  2.000035968007202E-04  2.000044819728192E-04  2.000053582950855E-04  2.000062341211577E-04  2.000071094516256E-04  2.000079926164666E-04  2.000088669527854E-04  2.000097407952690E-04  2.000106141445030E-04  2.000114953116249E-04  2.000123676714285E-04 
 3.860000000000000E-06  1.999956661410821E-04  1.999965474723225E-04  1.999974366878301E-04  1.999983170105599E-04  1.999991968323269E-04  2.000000761537294E-04  2.000009633426943E-04  2.000018416604081E-04  2.000027194795519E-04  2.000035968007202E-04  2.000044819728192E-04  2.000053582950855E-04  2.000062341211577E-04  2.000071094516256E-04  2.000079926164666E-04  2.000088669527854E-04  2.000097407952690E-04  2.000106141445030E-04  2.000114953116249E-04  2.000123676714286E-04 
 1.205200000000000E-05  1.999956661410821E-04  1.999965474723224E-04  1.999974366878301E-04  1.999983170105599E-04  1.999991968323269E-04  2.000000761537294E-04  2.000009633426943E-04  2.000018416604081E-04  2.000027194795520E-04  2.000035968007202E-04  2.000044819728192E-04  2.000053582950855E-04  2.000062341211577E-04  2.000071094516256E-04  2.000079926164666E-04  2.000088669527854E-04  2.000097407952690E-04  2.000106141445030E-04  2.000114953116249E-04  2.000123676714285E-04 
 3.826640000000000E-05  1.999956661410821E-04  1.999965474723225E-04  1.999974366878301E-04  1.999983170105599E-04  1.999991968323269E-04  2.000000761537294E-04  2.000009633426943E-04  2.000018416604081E-04  2.000027194795519E-04  2.000035968007202E-04  2.000044819728192E-04  2.000053582950855E-04  2.000062341211577E-04  2.000071094516256E-04  2.000079926164666E-04  2.000088669527854E-04  2.000097407952690E-04  2.000106141445030E-04  2.000114953116249E-04  2.000123676714286E-04 
 1.221524800000000E-04  1.999956661410821E-04  1.999965474723224E-04  1.999974366878301E-04  1.999983170105599E-04  1.999991968323269E-04  2.000000761537294E-04  2.000009633426943E-04  2.000018416604081E-04  2.000027194795520E-04  2.000035968007202E-04  2.000044819728192E-04  2.000053582950855E-04  2.000062341211577E-04  2.000071094516256E-04  2.000079926164666E-04  2.000088669527854E-04  2.000097407952690E-04  2.000106141445030E-04  2.000114953116249E-04  2.000123676714285E-04 
 3.905879360000001E-04  1.999956661410821E-04  1.999965474723225E-04  1.999974366878301E-04  1.999983170105599E-04  1.999991968323269E-04  2.000000761537294E-04  2.000009633426943E-04  2.000018416604081E-04  2.000027194795519E-04  2.000035968007202E-04  2.000044819728192E-04  2.000053582950855E-04  2.000062341211577E-04  2.000071094516256E-04  2.000079926164666E-04  2.000088669527854E-04  2.000097407952690E-04  2.000106141445030E-04  2.000114953116249E-04  2.000123676714286E-04 
 1.249581395200000E-03  1.999956661410821E-04  1.999965474723224E-04  1.999974366878301E-04  1.999983170105599E-04  1.999991968323269E-04  2.000000761537294E-04  2.000009633426943E-04  2.000018416604081E-04  2.000027194795520E-04  2.000035968007202E-04  2.000044819728192E-04  2.000053582950855E-04  2.000062341211577E-04  2.000071094516256E-04  2.000079926164666E-04  2.000088669527854E-04  2.000097407952690E-04  2.000106141445030E-04  2.000114953116249E-04  2.000123676714285E-04 
 3.998360464640001E-03  1.999956661410821E-04  1.999965474723225E-04  1.999974366878301E-04  1.999983170105599E-04  1.999991968323269E-04  2.000000761537294E-04  2.000009633426943E-04  2.000018416604081E-04  2.000027194795519E-04  2.000035968007202E-04  2.000044819728192E-04  2.000053582950855E-04  2.000062341211577E-04  2.000071094516256E-04  2.000079926164666E-04  2.000088669527854E-04  2.000097407952690E-04  2.000106141445030E-04  2.000114953116249E-04  2.000123676714286E-04 
 1.279445348684801E-02  1.999956661410821E-04  1.999965474723224E-04  1.999974366878301E-04  1.999983170105599E-04  1.999991968323269E-04  2.000000761537294E-04  2.000009633426943E-04  2.000018416604081E-04  2.000027194795520E-04  2.000035968007202E-04  2.000044819728192E-04  2.000053582950855E-04  2.000062341211577E-04  2.000071094516256E-04  2.000079926164666E-04  2.000088669527854E-04  2.000097407952690E-04  2.000106141445030E-04  2.000114953116249E-04  2.000123676714285E-04 
 4.094195115791362E-02  1.999956661410821E-04  1.999965474723225E-04  1.999974366878301E-04  1.999983170105599E-04  1.999991968323269E-04  2.000000761537294E-04  2.000009633426943E-04  2.000018416604081E-04  2.000027194795519E-04  2.000035968007202E-04  2.000044819728192E-04  2.000053582950855E-04  2.000062341211577E-04  2.000071094516256E-04  2.000079926164666E-04  2.000088669527854E-04  2.000097407952690E-04  2.000106141445030E-04  2.000114953116249E-04  2.000123676714286E-04 
 9.094195115791362E-02  1.999956661410821E-04  1.999965474723225E-04  1.999974366878301E-04  1.999983170105599E-04  1.999991968323269E-04  2.000000761537294E-04  2.000009633426943E-04  2.000018416604081E-04  2.000027194795519E-04  2.000035968007202E-04  2.000044819728192E-04  2.000053582950855E-04  2.000062341211577E-04  2.000071094516256E-04  2.000079926164666E-04  2.000088669527854E-04  2.000097407952690E-04  2.000106141445030E-04  2.000114953116249E-04  2.000123676714285E-04 
 1.409419511579136E-01  1.999956661410821E-04  1.999965474723225E-04  1.999974366878301E-04  1.999983170105599E-04  1.999991968323269E-04  2.000000761537294E-04  2.000009633426943E-04  2.000018416604081E-04  2.000027194795519E-04  2.000035968007202E-04  2.000044819728192E-04  2.000053582950855E-04  2.000062341211577E-04  2.000071094516256E-04  2.000079926164666E-04  2.000088669527854E-04  2.000097407952690E-04  2.000106141445030E-04  2.000114953116249E-04  2.000123676714285E-04 
 1.909419511579136E-01  1.999956661410821E-04  1.999965474723225E-04  1.999974366878301E-04  1.999983170105599E-04  1.999991968323269E-04  2.000000761537294E-04  2.000009633426943E-04  2.000018416604081E-04  2.000027194795519E-04  2.000035968007202E-04  2.000044819728192E-04  2.000053582950855E-04  2.000062341211577E-04  2.000071094516256E-04  2.000079926164666E-04  2.000088669527854E-04  2.000097407952690E-04  2.000106141445030E-04  2.000114953116249E-04  2.000123676714285E-04 
 2.409419511579136E-01  1.999956661410821E-04  1.999965474723225E-04  1.999974366878301E-04  1.999983170105599E-04  1.999991968323269E-04  2.000000761537294E-04  2.000009633426943E-04  2.000018416604081E-04  2.000027194795519E-04  2.000035968007202E-04  2.000044819728192E-04  2.000053582950855E-04  2.000062341211577E-04  2.000071094516256E-04  2.000079926164666E-04  2.000088669527854E-04  2.000097407952690E-04  2.000106141445030E-04  2.000114953116249E-04  2.000123676714285E-04 
 2.909419511579136E-01  1.999956661410821E-04  1.999965474723225E-04  1.999974366878301E-04  1.999983170105599E-04  1.999991968323269E-04  2.000000761537294E-04  2.000009633426943E-04  2.000018416604081E-04  2.000027194795519E-04  2.000035968007202E-04  2.000044819728192E-04  2.000053582950855E-04  2.000062341211577E-04  2.000071094516256E-04  2.000079926164666E-04  2.000088669527854E-04  2.000097407952690E-04  2.000106141445030E-04  2.000114953116249E-04  2.000123676714285E-04 
 3.409419511579136E-01  1.999956661410821E-04  1.999965474723225E-04  1.999974366878301E-04  1.999983170105599E-04  1.999991968323269E-04  2.000000761537294E-04  2.000009633426943E-04  2.000018416604081E-04  2.000027194795519E-04  2.000035968007202E-04  2.000044819728192E-04  2.000053582950855E-04  2.000062341211577E-04  2.000071094516256E-04  2.000079926164666E-04  2.000088669527854E-04  2.000097407952690E-04  2.000106141445030E-04  2.000114953116249E-04  2.000123676714285E-04 
 3.909419511579136E-01  1.999956661410821E-04  1.999965474723225E-04  1.999974366878301E-04  1.999983170105599E-04  1.999991968323269E-04  2.000000761537294E-04  2.000009633426943E-04  2.000018416604081E-04  2.000027194795519E-04  2.000035968007202E-04  2.000044819728192E-04  2.000053582950855E-04  2.000062341211577E-04  2.000071094516256E-04  2.000079926164666E-04  2.000088669527854E-04  2.000097407952690E-04  2.000106141445030E-04  2.000114953116249E-04  2.000123676714285E-04 
 4.409419511579136E-01  1.999956661410821E-04  1.999965474723225E-04  1.999974366878301E-04  1.999983170105599E-04  1.999991968323269E-04  2.000000761537294E-04  2.000009633426943E-04  2.000018416604081E-04  2.000027194795519E-04  2.000035968007202E-04  2.000044819728192E-04  2.000053582950855E-04  2.000062341211577E-04  2.000071094516256E-04  2.000079926164666E-04  2.000088669527854E-04  2.000097407952690E-04  2.000106141445030E-04  2.000114953116249E-04  2.000123676714285E-04 
 4.909419511579136E-01  1.999956661410821E-04  1.999965474723225E-04  1.999974366878301E-04  1.999983170105599E-04  1.999991968323269E-04  2.000000761537294E-04  2.000009633426943E-04  2.000018416604081E-04  2.000027194795519E-04  2.000035968007202E-04  2.000044819728192E-04  2.000053582950855E-04  2.000062341211577E-04  2.000071094516256E-04  2.000079926164666E-04  2.000088669527854E-04  2.000097407952690E-04  2.000106141445030E-04  2.000114953116249E-04  2.000123676714285E-04 
 5.409419511579135E-01  1.999956661410821E-04  1.999965474723225E-04  1.999974366878301E-04  1.999983170105599E-04  1.999991968323269E-04  2.000000761537294E-04  2.000009633426943E-04  2.000018416604081E-04  2.000027194795519E-04  2.000035968007202E-04  2.000044819728192E-04  2.000053582950855E-04  2.000062341211577E-04  2.000071094516256E-04  2.000079926164666E-04  2.000088669527854E-04  2.000097407952690E-04  2.000106141445030E-04  2.000114953116249E-04  2.000123676714285E-04 
 5.909419511579136E-01  1.999956661410821E-04  1.999965474723225E-04  1.999974366878301E-04  1.999983170105599E-04  1.999991968323269E-04  2.000000761537294E-04  2.000009633426943E-04  2.000018416604081E-04  2.000027194795519E-04  2.000035968007202E-04  2.000044819728192E-04  2.000053582950855E-04  2.000062341211577E-04  2.000071094516256E-04  2.000079926164666E-04  2.000088669527854E-04  2.000097407952690E-04  2.000106141445030E-04  2.000114953116249E-04  2.000123676714285E-04 
 6.409419511579136E-01  1.999956661410821E-04  1.999965474723225E-04  1.999974366878301E-04  1.999983170105599E-04  1.999991968323269E-04  2.000000761537294E-04  2.000009633426943E-04  2.000018416604081E-04  2.000027194795519E-04  2.000035968007202E-04  2.000044819728192E-04  2.000053582950855E-04  2.000062341211577E-04  2.000071094516256E-04  2.000079926164666E-04  2.000088669527854E-04  2.000097407952690E-04  2.000106141445030E-04  2.000114953116249E-04  2.000123676714285E-04 
 6.909419511579137E-01  1.999956661410821E-04  1.999965474723225E-04  1.999974366878301E-04  1.999983170105599E-04  1.999991968323269E-04  2.000000761537294E-04  2.000009633426943E-04  2.000018416604081E-04  2.000027194795519E-04  2.000035968007202E-04  2.000044819728192E-04  2.000053582950855E-04  2.000062341211577E-04  2.000071094516256E-04  2.000079926164666E-04  2.000088669527854E-04  2.000097407952690E-04  2.000106141445030E-04  2.000114953116249E-04  2.000123676714285E-04 
 7.409419511579137E-01  1.999956661410821E-04  1.999965474723225E-04  1.999974366878301E-04  1.999983170105599E-04  1.999991968323269E-04  2.000000761537294E-04  2.000009633426943E-04  2.000018416604081E-04  2.000027194795519E-04  2.000035968007202E-04  2.000044819728192E-04  2.000053582950855E-04  2.000062341211577E-04  2.000071094516256E-04  2.000079926164666E-04  2.000088669527854E-04  2.000097407952690E-04  2.000106141445030E-04  2.000114953116249E-04  2.000123676714285E-04 
 7.909419511579138E-01  1.999956661410821E-04  1.999965474723225E-04  1.999974366878301E-04  1.999983170105599E-04  1.999991968323269E-04  2.000000761537294E-04  2.000009633426943E-04  2.000018416604081E-04  2.000027194795519E-04  2.000035968007202E-04  2.000044819728192E-04  2.000053582950855E-04  2.000062341211577E-04  2.000071094516256E-04  2.000079926164666E-04  2.000088669527854E-04  2.000097407952690E-04  2.000106141445030E-04  2.000114953116249E-04  2.000123676714285E-04 
 8.409419511579138E-01  1.999956661410821E-04  1.999965474723225E-04  1.999974366878301E-04  1.999983170105599E-04  1.999991968323269E-04  2.000000761537294E-04  2.000009633426943E-04  2.000018416604081E-04  2.000027194795519E-04  2.000035968007202E-04  2.000044819728192E-04  2.000053582950855E-04  2.000062341211577E-04  2.000071094516256E-04  2.000079926164666E-04  2.000088669527854E-04  2.000097407952690E-04  2.000106141445030E-04  2.000114953116249E-04  2.000123676714285E-04 
 8.909419511579139E-01  1.999956661410821E-04  1.999965474723225E-04  1.999974366878301E-04  1.999983170105599E-04  1.999991968323269E-04  2.000000761537294E-04  2.000009633426943E-04  2.000018416604081E-04  2.000027194795519E-04  2.000035968007202E-04  2.000044819728192E-04  2.000053582950855E-04  2.000062341211577E-04  2.000071094516256E-04  2.000079926164666E-04  2.000088669527854E-04  2.000097407952690E-04  2.000106141445030E-04  2.000114953116249E-04  2.000123676714285E-04 
 9.409419511579139E-01  1.999956661410821E-04  1.999965474723225E-04  1.999974366878301E-04  1.999983170105599E-04  1.999991968323269E-04  2.000000761537294E-04  2.000009633426943E-04  2.000018416604081E-04  2.000027194795519E-04  2.000035968007202E-04  2.000044819728192E-04  2.000053582950855E-04  2.000062341211577E-04  2.000071094516256E-04  2.000079926164666E-04  2.000088669527854E-04  2.000097407952690E-04  2.000106141445030E-04  2.000114953116249E-04  2.000123676714285E-04 
 9.909419511579139E-01  1.999956661410821E-04  1.999965474723225E-04  1.999974366878301E-04  1.999983170105599E-04  1.999991968323269E-04  2.000000761537294E-04  2.000009633426943E-04  2.000018416604081E-04  2.000027194795519E-04  2.000035968007202E-04  2.000044819728192E-04  2.000053582950855E-04  2.000062341211577E-04  2.000071094516256E-04  2.000079926164666E-04  2.000088669527854E-04  2.000097407952690E-04  2.000106141445030E-04  2.000114953116249E-04  2.000123676714285E-04 
 1.000000000000000E+00  1.999956661410821E-04  1.999965474723225E-04  1.999974366878301E-04  1.999983170105599E-04  1.999991968323269E-04  2.000000761537294E-04  2.000009633426943E-04  2.000018416604081E-04  2.000027194795519E-04  2.000035968007202E-04  2.000044819728192E-04  2.000053582950855E-04  2.000062341211577E-04  2.000071094516256E-04  2.000079926164666E-04  2.000088669527854E-04  2.000097407952690E-04  2.000106141445030E-04  2.000114953116249E-04  2.000123676714285E-04 
